100 2
3.62597 6.37424
9.62092 2.57888
4.33405 6.15398
3.4141 6.96697
3.86986 4.58734
-1.93371 1.97057
-1.17003 2.14188
3.49565 6.186
-2.09195 1.3484
-0.71975 2.02289
3.47675 6.36728
-1.50841 3.1974
9.64645 3.25276
0.05524 2.76965
9.79258 1.68319
10.93122 2.5971
-1.68836 3.32549
3.56961 7.23821
2.39437 5.37524
10.5046 2.55911
3.80263 5.53447
8.38793 1.74832
3.05591 5.19621
-0.84328 1.48616
3.19941 5.19263
10.44483 3.56986
-0.73985 4.15005
8.76028 2.81376
-2.6305 1.23384
3.50948 7.27906
12.08039 2.67086
2.1566 6.38213
3.07497 5.97273
-3.25528 1.85221
3.76809 5.79981
-0.73646 2.81167
9.67358 2.22035
4.05372 6.28822
3.0183 6.03383
-2.15901 1.01602
-1.58074 3.23683
0.69505 2.7941
2.53215 6.90853
8.7989 1.83704
9.69156 1.83911
-1.4661 3.22646
3.47151 6.76426
3.60041 7.62136
-2.13767 3.41199
9.59624 2.15338
-1.84519 3.2853
9.18299 4.03198
5.63781 6.5361
-0.19967 3.47367
9.3742 2.46542
9.78485 4.72194
0.2317 7.18184
9.67905 2.0568
9.31371 3.18428
3.31744 7.60354
4.93854 7.44316
-2.24846 2.77238
-3.96935 2.38819
-1.27017 2.52654
-0.63892 2.00918
10.92398 3.68879
4.03823 6.38276
-0.60568 2.88173
-0.49553 2.0285
-2.05809 2.11474
3.9622 5.61272
10.80123 1.92856
-1.23124 3.32484
-1.28902 1.84189
-1.01029 2.92201
8.51913 1.99426
8.58448 2.69269
10.64135 1.47123
8.8928 0.97939
2.66235 5.21551
2.36505 7.4391
9.56522 3.07376
10.70794 2.85925
2.28756 5.42104
-0.44192 2.55625
-1.86145 2.69266
4.09499 6.2737
10.42598 3.71388
-1.80185 1.0022
8.54773 2.13066
-0.52082 1.85979
9.89598 2.67899
2.60268 6.20686
8.12281 3.72257
8.84528 1.59157
-0.90821 2.24619
11.20029 1.45004
4.00509 7.25542
10.06097 1.57239
3.73858 5.95396
