1000 2
9.04356 1.30415
4.26022 4.70728
-0.6356 4.0851
9.52258 0.50066
-1.87487 2.47714
-1.82601 4.404
4.61165 3.28761
-1.73645 6.6552
4.66984 4.25896
-1.09483 3.92078
-1.73544 3.7981
9.23926 1.34536
9.30438 3.2119
-2.05683 3.66055
3.77871 2.95937
-3.42282 4.62578
4.94374 2.30326
6.31437 4.84094
5.01309 3.32215
8.34198 3.14433
4.93577 3.84994
-2.74409 3.5568
8.72023 2.72023
9.51112 1.96655
7.87168 3.19157
4.07086 3.42905
3.00963 1.59062
-1.95495 4.70558
7.04012 1.36863
-1.86559 5.34834
8.09688 1.68189
9.67782 1.80633
3.97751 2.75483
3.50169 3.37203
6.18183 3.10559
-2.49605 4.01376
-2.44273 2.29862
8.13372 2.05757
-2.34835 4.13341
7.10805 1.33881
-2.36061 4.27178
7.76063 0.50916
-2.31106 4.2307
10.56931 1.81984
4.14803 3.56578
-1.53791 5.3517
-2.18999 3.81344
4.82849 2.36991
8.16382 1.67198
9.72277 2.1727
10.4831 3.45877
4.97297 4.08766
3.87113 4.21236
5.95146 1.67147
-1.0254 1.68305
-3.07174 3.37828
4.56396 5.62249
-3.68191 3.39282
-2.03452 4.32916
7.69851 1.39524
-2.69196 4.96652
-1.14767 6.19168
3.93251 3.86064
3.9535 3.94435
3.64232 2.76645
5.8416 3.74065
-3.46053 2.95984
4.72105 3.38962
-2.19237 4.27331
6.66437 4.47182
10.34501 1.81581
8.83263 1.02398
3.34526 0.87217
5.25015 3.88756
7.13389 2.43385
4.59376 3.99641
5.37397 3.43992
0.07176 3.26953
8.51801 3.96766
7.61973 1.25653
8.87032 1.78878
3.8372 3.88459
-2.51952 3.42948
8.44435 1.18931
4.92736 3.58865
7.69403 1.74653
7.45706 1.44253
3.32117 3.22004
7.16165 1.96589
11.08089 2.78747
-1.97727 3.50036
-1.8459 3.38566
-1.20185 3.98437
5.65609 3.4209
6.813 3.37351
-1.09447 4.50068
9.31312 1.52357
8.07002 2.34813
8.51397 2.15245
8.02493 2.04188
-2.18596 4.13896
7.39495 2.36105
-1.34192 3.06404
-1.74824 4.97272
8.21483 2.16891
10.2374 1.66351
3.86865 2.69493
-1.97111 4.27763
3.50292 2.77055
4.07008 5.33
-1.69257 3.93983
9.25598 2.31451
-1.57192 5.61284
3.21685 1.70814
8.15809 2.16961
-2.81911 4.21307
-2.00412 4.11415
-1.51038 4.22391
4.38448 2.73871
-2.26554 3.61169
3.22087 3.70765
-1.94536 7.18393
5.35221 3.12658
9.79383 1.4285
4.01022 5.29149
3.58253 1.88695
4.08031 4.1571
-2.85932 3.39
5.75691 2.73505
-1.87857 2.52888
4.56548 4.32484
8.22729 1.80569
7.00222 2.88549
-4.65971 3.74716
9.69003 2.38124
8.19025 2.27709
4.43365 3.84523
8.97756 1.63874
9.80721 1.49272
-3.11973 4.84255
7.77976 2.99696
-3.03365 4.69006
-1.96416 4.94151
9.87003 4.76142
4.49128 4.18349
3.8741 2.26208
2.31856 3.82444
-3.35065 5.79133
-2.8478 4.35788
9.37457 2.27462
0.81054 5.06876
8.63684 2.17433
5.07442 5.72638
-2.8219 3.88706
7.98985 2.83872
8.60425 1.18254
6.40093 2.33996
5.19348 4.92138
9.83439 0.79038
4.7293 2.40583
-4.21001 4.78264
-4.54476 3.73954
-0.78623 4.49583
6.38205 5.39493
8.38501 2.77604
7.55282 1.82584
9.77073 4.57835
9.3818 2.13255
6.8353 3.49341
9.95089 1.34652
5.50748 3.99321
-2.3423 2.99066
-1.22153 5.53411
5.25615 2.39236
-2.90203 5.5004
8.31367 2.28171
8.42785 1.14111
5.15817 4.03448
-2.98752 4.8443
-1.74172 3.816
9.90972 1.55976
3.41658 4.28147
3.07401 4.32696
6.02843 2.99272
-2.11208 3.72218
5.71117 5.5456
-1.01635 4.18033
0.00214 3.69443
-2.2285 4.16329
5.02754 4.92626
-2.50395 3.69537
5.1078 4.20475
3.30998 4.31984
8.38024 2.19751
6.2153 4.59796
-3.06983 5.19322
8.68783 2.7241
5.47081 1.06033
-2.42241 4.92084
-2.8182 3.63166
4.33415 1.94154
-1.93809 3.0338
5.41261 3.24879
2.71904 2.96556
4.30823 5.53855
-0.77566 4.2818
-1.78033 4.80925
4.16861 3.61047
4.07114 4.16693
5.34141 4.79731
-1.16168 5.41797
9.82962 2.8676
7.69186 0.64076
10.07118 3.66577
5.09845 5.01061
5.17851 2.8895
7.88101 2.92351
7.79893 4.13621
8.51433 1.30214
8.98657 0.43042
4.23647 3.47492
3.90168 4.06659
3.99993 1.10385
9.84566 0.97921
9.37135 2.93081
3.24298 3.59747
5.52722 2.28204
-2.01186 3.06227
4.97663 4.26969
-1.04926 3.23416
8.46179 3.75474
-2.69692 3.20099
7.74522 2.19149
4.31067 2.65072
4.92666 4.64498
-3.42682 3.63039
4.41429 3.13437
1.05106 3.52477
4.68156 0.77552
3.66751 1.87118
-0.21605 3.70201
7.06008 -0.26195
-3.28848 3.55074
4.34924 2.21469
8.65538 2.17436
-3.62107 3.79056
8.77128 1.68222
-2.47239 2.76474
8.07202 -0.13295
6.65042 2.93929
-1.74614 3.04044
10.02246 1.26626
-1.80831 3.62347
-0.12034 3.1841
4.39488 4.08503
7.27231 2.74784
-1.98819 5.35595
4.80186 4.33826
-3.6651 2.71183
-1.26299 2.99263
4.83768 1.34588
7.66872 3.16468
3.46734 4.87486
-2.33172 3.23443
3.7799 2.64831
4.97001 2.99838
3.07867 5.29984
-2.10979 4.33836
9.5814 1.77458
8.0377 -1.00749
9.21326 1.89272
6.47326 1.87174
-0.71868 6.34736
-2.68857 4.11693
8.5178 1.32106
-1.55258 4.40812
7.83173 3.21722
8.40988 3.69448
8.41403 2.44605
-1.89462 2.64419
3.88267 3.26432
-3.17052 5.40481
7.59139 2.85871
4.43893 3.55893
4.03851 4.48532
-1.60623 2.86642
8.57506 0.97554
4.25382 3.34308
3.61123 3.38251
3.45788 3.00758
4.76002 4.31334
6.33269 4.62064
7.19401 1.28268
3.7649 2.73138
-2.37983 4.45839
4.499 3.29212
6.19429 3.79493
4.61304 3.87419
8.40612 2.06387
4.13076 1.72672
9.37815 2.45212
3.70674 4.57887
8.54016 3.19671
-2.52544 4.49444
6.41867 3.03448
8.77909 1.80568
8.18312 1.76618
-1.52669 2.67696
8.43185 1.83953
-2.31536 5.18842
-2.72212 4.11658
9.41309 2.53816
-1.71961 4.84086
-3.43731 3.43924
6.38295 2.89199
-1.95068 4.50156
4.68907 3.3821
-2.86074 5.67857
8.23661 1.67618
4.56338 2.99165
6.3323 1.58599
-1.2838 3.5879
-1.3463 4.24247
7.68516 2.11053
-3.49085 3.98063
-2.13318 4.96776
-0.35535 5.15576
-1.65565 4.65805
5.30762 5.30656
3.4288 3.68035
-2.58684 4.11529
4.52232 3.55809
8.88092 2.06785
5.17544 1.64707
8.92391 2.47624
7.53805 1.38469
4.68705 3.26166
5.4847 2.27885
8.3392 2.36223
-2.9296 4.79839
-1.53208 3.62613
3.12086 4.06227
4.17385 4.22544
-1.54926 4.0997
9.60635 0.70764
3.22391 3.42731
5.11212 2.81953
5.92719 4.03724
9.07501 0.41315
-2.92841 3.60125
7.26479 2.28297
-2.5456 4.37459
4.03013 1.99972
9.13058 2.58244
-3.56206 5.15763
8.95847 4.3224
5.58762 3.56872
5.234 3.93257
-1.51994 4.99343
6.01688 2.4465
8.70016 2.28705
-2.20896 3.85694
5.48868 2.23613
7.92927 3.25152
8.62647 2.0624
9.31963 3.36012
9.32487 2.67139
7.83485 2.73894
5.03018 2.99958
-1.20624 3.25856
-0.6084 3.89585
5.08086 1.56516
4.34631 2.10415
-3.20664 3.69529
-2.813 5.69196
-1.51066 4.52452
-2.27291 3.89428
5.10402 2.82167
9.2625 2.27349
-2.37672 5.88041
4.67371 2.76326
-2.20784 2.85731
-2.07303 3.86662
5.55121 2.55199
8.8146 2.96753
3.43552 2.21436
8.70944 2.39299
-1.43442 3.88171
5.36499 4.44981
-3.62557 3.39714
-1.7963 2.19146
-2.44597 2.22177
5.89402 3.78319
9.05544 2.71238
7.74002 1.31036
4.30374 2.93216
-1.16263 3.52493
-2.65358 3.62452
-3.29029 1.47813
6.03373 4.70532
-1.97663 3.25611
8.22901 3.06917
6.61875 3.99575
10.16411 2.62131
8.56529 1.0323
5.82764 2.7492
4.15453 2.12177
8.97074 -0.1741
8.606 1.32535
8.24868 1.46709
8.29985 3.00802
4.82466 4.23658
4.84886 3.93913
8.57936 1.4619
6.10027 4.54358
-2.31323 5.05336
4.72861 1.85281
-1.9995 3.01016
-3.63878 3.40413
4.62403 4.33819
-3.45956 6.78705
10.56712 2.18507
-1.28015 3.5535
8.16113 2.07943
-1.72493 3.56231
4.85754 4.00407
-1.31794 2.88564
8.9996 2.62046
-1.11332 4.69781
9.07619 2.89502
9.79357 2.20067
4.66335 2.25039
-0.08636 4.13188
8.69638 1.07345
6.61111 1.48542
7.07797 1.21433
8.48573 1.15703
7.60797 1.49055
-2.6693 2.68385
8.83811 0.98118
3.07259 4.00415
-3.65931 2.96244
-1.67032 4.99936
-2.38059 4.1597
-1.61054 5.73364
8.74161 4.24616
5.0363 3.67155
3.63524 3.38667
5.9321 3.27857
3.5066 1.92673
8.72151 1.47252
6.11927 1.30877
5.23266 5.18503
-0.66155 4.84488
6.79645 2.97321
-2.72387 3.28631
8.17209 1.4064
-1.73079 4.09866
9.70087 2.29608
9.7274 2.3263
5.01681 5.10507
4.92638 3.29794
-2.39638 5.65123
5.74323 4.44301
5.18269 2.26117
-2.43125 1.22139
-0.50258 5.63989
3.23456 3.87293
5.37899 3.49898
-2.74454 4.18649
4.25047 4.41672
2.6426 3.65766
5.08877 2.96584
3.38811 3.65681
6.76631 3.24666
9.04756 2.61446
5.50641 3.65304
9.4743 3.80889
6.32178 0.79613
-0.62727 3.65573
8.86508 1.67502
8.1572 3.12072
3.03704 1.62403
4.04635 4.80635
9.65804 2.01944
9.56452 2.4024
5.66138 4.0873
5.87425 2.39606
4.2208 3.88598
9.22972 1.78256
7.44435 2.79854
-3.24496 3.60901
6.62858 2.86129
7.32525 2.34673
8.73765 1.33088
6.70504 2.70328
-2.34546 3.37398
-0.93822 4.2309
-1.67953 3.58975
7.24494 2.08422
-4.76268 3.18493
8.72499 2.70009
-1.07467 3.68911
-1.5077 3.01616
6.12322 4.07338
8.23159 2.6725
9.67179 3.06391
3.35417 1.8138
8.72421 -0.14038
-1.35807 4.35238
-1.32586 5.0824
-4.44328 3.1681
5.28404 3.26084
8.32467 0.85999
8.25447 3.00996
4.001 3.42584
5.03956 4.09542
9.04789 2.22316
8.89691 1.53362
3.28081 4.44977
-2.52343 4.07891
4.40584 2.38489
4.60268 2.55908
-0.68444 4.67987
7.39473 2.18526
-1.69419 4.95068
6.98261 2.35067
-1.62987 2.42885
7.58932 2.71607
5.95097 5.75131
3.67481 3.11969
-0.70641 4.25066
3.49058 3.81031
8.70929 0.82854
6.60639 2.42826
7.46135 2.4668
4.26675 3.80669
8.4878 2.86316
-0.77487 3.99949
4.3992 2.65084
9.01618 1.97896
8.66494 1.86198
-2.05097 4.24676
-3.8722 4.64638
4.60077 3.57287
-2.12437 4.9303
-1.20986 3.71023
-2.93039 3.17702
5.35367 3.09031
5.36045 3.41079
-1.85135 3.98947
8.47663 2.84116
-1.18597 3.67109
9.4341 2.50814
4.25394 3.82962
-1.88813 3.38123
-3.72282 2.88398
-3.29297 3.31034
10.12972 1.6792
-0.9229 2.73231
-1.11056 4.93298
6.93716 2.12266
5.40086 5.1658
4.3608 3.78012
-2.45651 2.77892
9.3466 4.01331
10.18194 3.18596
9.48707 3.07046
-1.67944 3.78794
-3.57264 2.71927
3.08143 2.12304
8.5322 2.7261
3.72033 3.14756
5.51418 3.21263
-1.38431 4.624
-2.36969 3.78247
8.99088 1.60096
4.34473 2.93123
8.73722 1.05131
3.83232 2.67295
-3.1401 3.57017
9.506 1.87072
4.69154 1.69451
8.75413 2.52266
5.73141 2.05879
5.41572 3.64677
-2.54401 3.50948
-3.65475 3.1385
3.44527 2.7839
-1.82074 2.8009
-1.24232 6.59753
9.04936 1.30242
5.90866 3.21106
-2.07733 3.60612
-1.32557 4.8547
4.57479 1.61885
4.54744 3.88868
-1.8902 3.02364
-2.18863 3.0138
8.93253 1.46977
4.71126 2.25934
-4.37143 4.1159
4.47941 4.63676
-0.10451 4.62279
8.79014 2.1995
8.81292 3.87383
3.47198 4.39227
-3.28647 4.59061
8.78105 2.78962
5.304 1.92685
-1.52447 3.47648
7.98448 0.88937
3.05694 3.40107
2.75192 3.84131
10.76454 5.30347
0.28543 3.85337
8.15043 4.0578
9.77373 1.84834
4.62255 5.02569
4.09233 1.99033
8.53406 0.33104
-4.77576 4.6552
9.21836 2.59039
-1.31968 3.9769
-2.46708 4.05027
5.31825 2.19612
-2.7667 2.16193
8.52298 1.88296
8.22674 2.34294
9.76888 1.82386
9.95197 1.3564
-1.68503 5.24555
2.72543 2.82203
-3.54997 4.32375
-2.72478 5.79441
5.42866 1.69656
3.17691 3.25115
7.86219 2.64092
-3.33904 5.88184
6.46628 3.66264
-2.29587 2.69235
4.98594 3.55267
8.3293 2.23187
6.48244 2.41067
8.08746 3.83888
4.40772 3.68171
5.08727 1.29108
4.9525 3.81648
-1.92422 3.59578
4.6102 5.08541
8.90306 3.24999
-3.46662 2.24673
-1.28455 3.074
3.90097 4.30003
-3.28548 1.42769
8.98349 3.82639
3.6317 3.54979
9.02668 2.75914
-1.34325 3.68956
4.80959 3.45217
9.50492 1.9182
5.21477 4.77568
-2.45833 4.63127
9.91463 1.3714
7.82353 -0.15689
-3.42978 4.19785
9.00055 0.62628
-2.38708 4.00136
-1.25164 3.39388
-2.23032 4.18333
8.53306 1.9917
4.00438 3.6877
7.61042 1.4065
5.21401 3.31279
4.19119 5.00412
8.81869 2.72721
-1.76973 6.18172
-1.11136 4.842
8.80905 1.42591
3.59796 3.66824
-0.61363 4.64209
-0.35312 4.78308
3.92283 2.8125
8.21807 1.40072
5.01684 1.91077
8.43309 1.02269
8.75497 2.08054
6.41445 1.19998
4.69806 2.1795
5.56505 3.22277
3.86599 3.66714
-3.34963 3.53621
6.01985 2.47215
5.21202 3.10564
9.92729 2.2039
-0.97303 5.8451
-3.38792 2.29501
6.7235 2.35738
-4.26321 3.7535
6.43446 2.35462
4.69461 3.91775
4.65317 3.8409
7.71377 1.24479
-2.15424 4.1946
-0.191 3.79265
7.97286 2.40531
8.5695 2.75746
-0.45785 5.56751
-2.3449 3.49601
6.93309 5.43085
-2.81068 4.53931
4.77387 3.90351
-0.94236 5.19358
3.92439 4.02694
4.57964 2.71985
8.30074 0.4383
5.16229 1.34514
9.52887 1.48935
7.54866 1.59091
4.07406 3.42174
-3.01976 5.02473
-3.34466 3.66794
-1.30982 5.77482
-1.81602 2.41107
7.4574 1.14875
-1.34859 2.14954
8.23801 2.64789
9.12393 1.85234
9.59835 3.24731
7.61163 1.13732
5.04598 2.92732
-2.73838 4.87072
9.65523 1.09901
-2.37389 3.96351
7.533 2.95116
-2.53866 5.64777
-0.75114 3.84611
8.70664 2.88372
5.37713 4.4914
10.11573 2.53347
4.68563 4.64868
-1.54191 3.43828
8.7192 2.38819
8.43865 1.95436
-1.49805 3.98372
9.91916 1.54851
-1.2568 3.42917
9.84897 1.90247
5.83816 1.08851
-1.15983 4.72523
-0.73926 4.03829
-2.80181 3.03368
-0.38744 4.20466
-3.13761 4.89179
5.43219 2.30424
3.13555 2.53883
-2.52199 5.10009
9.515 2.442
5.04874 4.07172
8.65272 0.99938
5.0149 2.44265
9.38128 1.38513
5.68783 4.89012
4.18683 3.9267
9.02523 0.73177
3.20931 4.19399
9.29976 2.68957
3.44787 3.90161
4.54744 3.0016
9.19395 2.94287
8.72638 1.92336
8.94221 2.62253
-1.52166 3.57819
-0.86519 1.76571
-0.78499 4.27198
10.11188 1.91751
6.26021 3.86251
8.9422 1.79778
9.44805 0.2848
-1.5083 3.11207
-3.29733 4.88325
-2.6005 4.96603
9.41965 3.22915
-1.29415 4.21902
3.26307 4.27693
4.84107 4.14519
-1.10759 3.9416
9.90616 1.8823
-1.61529 5.80828
8.67579 1.89072
-4.12841 3.1693
-2.70585 4.09505
-3.54816 4.45625
-1.51754 4.02523
-3.3357 3.02551
2.79458 4.28901
0.19934 4.95091
7.56639 1.92884
9.95623 1.66679
-1.06105 3.40173
-2.47172 4.36987
-1.95891 3.62794
5.31369 2.08062
5.00997 3.62345
9.45589 2.49885
5.74671 3.66971
-3.33095 3.88162
-2.91493 3.82546
8.24659 2.80446
-2.39068 3.71447
-3.34674 4.21076
-3.87561 4.47371
9.32691 2.19581
4.62365 2.37817
7.32007 1.63361
8.89403 2.07667
9.33503 2.28801
4.33766 3.19149
4.66633 2.82923
-3.30546 3.60514
6.39584 2.56608
5.57306 4.51518
-1.68266 3.50825
7.6573 1.87667
-2.31613 3.3463
4.52519 3.72626
3.31177 4.07005
4.63291 4.07215
5.61043 3.30513
-2.83846 2.36959
9.63921 2.36239
7.36769 2.34008
4.40495 2.91733
3.9205 1.21368
3.60317 0.99525
8.03165 1.684
-2.33984 4.29702
-1.77881 2.51556
5.42936 1.60997
4.95649 4.5509
-2.10824 1.75175
4.21532 4.06068
7.3157 1.50829
7.55543 2.45237
4.81341 4.13266
5.37438 4.06366
-3.69806 3.26547
9.44104 2.03053
8.28385 2.3123
9.26984 1.18657
8.61408 4.13373
9.22123 2.21555
8.26996 1.41214
3.97548 3.59547
8.23338 2.37471
3.18959 3.64684
5.485 4.52785
9.16474 1.77794
7.85005 2.22908
8.37806 3.05295
-2.98538 3.48721
5.09723 3.34812
-1.2751 4.06151
-3.81488 3.50471
4.23805 4.99174
8.49953 2.07712
-1.56214 1.48083
4.15123 3.58704
-1.94607 2.1562
7.29479 2.2649
4.92056 3.87783
9.13539 3.21299
9.59045 2.23908
8.45887 4.95901
-2.50093 4.05166
9.51907 1.52064
3.8028 3.21103
-0.74347 3.48729
7.89922 1.96709
5.362 2.74992
4.63125 3.99823
4.03829 3.48957
4.76104 3.35406
5.48027 3.16212
-4.96997 4.59066
9.47374 2.23054
10.10356 1.4502
5.60721 5.2022
-0.83081 2.66636
7.49518 1.51343
-3.67781 4.62355
-2.57932 4.9054
9.45114 2.27243
8.67713 1.84027
-2.14884 2.05764
8.75267 1.99219
-2.2052 2.99431
8.42727 2.78087
7.62217 2.25014
8.97719 2.57145
-2.59822 5.40484
5.00709 4.84335
4.59375 4.3715
8.24304 2.2312
6.53709 1.26713
6.72456 2.12982
8.08108 2.18885
4.85629 2.83866
4.5802 2.77778
6.99253 2.66862
10.10174 0.45871
-1.9407 5.33756
-2.66942 2.60169
-2.12401 3.67052
5.83084 2.8201
4.8322 3.53085
-3.61626 2.62575
3.70379 3.82713
10.83439 1.27252
-2.61049 4.42978
4.51541 2.60143
10.1151 2.80833
8.42972 3.37606
5.18461 0.87156
5.24137 3.69571
3.36338 2.83831
3.6082 4.73016
9.00361 2.50268
9.5533 2.23681
8.38187 4.56069
7.04523 2.06297
5.56984 3.34785
9.38783 2.88703
-1.76765 5.55254
-1.6884 3.66409
8.14322 1.05435
6.12627 2.65727
6.80647 1.2182
5.22833 4.24374
9.01783 1.57048
4.66989 2.33351
-2.23751 3.02366
-1.95844 3.58544
8.72558 2.7451
8.59994 2.8507
9.80642 3.4601
3.11451 3.43185
8.99966 1.26674
-1.69401 3.16187
8.91517 1.26704
-3.12428 3.30187
4.6115 2.63093
8.13191 2.53714
-3.1347 2.69189
-2.66664 4.30285
4.28561 3.42074
-2.61096 3.44951
9.29171 1.5787
-1.75388 3.56933
-1.39982 2.44543
10.14497 2.36454
3.45808 1.65786
7.35569 3.5784
-2.66367 4.81775
4.01382 1.02625
-1.17647 5.63058
-2.63769 4.46034
-2.45641 4.36446
5.45739 1.46986
5.13318 2.58138
-1.27384 4.24038
-3.04233 3.53202
-2.70796 4.44247
-1.82975 4.68965
-3.20137 3.52566
4.81616 2.05881
9.39851 1.19889
-2.57871 4.8213
-0.67266 3.69694
-4.73321 2.53437
4.07969 3.47318
-2.74143 4.12286
-1.92865 4.29699
-0.81727 2.61612
5.11347 2.89428
5.71518 2.47235
8.83119 2.20686
6.79699 5.70702
4.0455 4.30118
9.59402 2.73063
-3.09691 3.93832
8.84307 2.26309
3.75715 3.97456
6.67244 5.50097
3.55937 4.29075
7.35229 2.91378
3.86112 5.00486
9.61951 1.70002
8.47834 4.48242
5.37609 4.82802
