1600 2
-0.76156 6.66867
-3.08799 7.98526
-0.3792 -9.77354
-0.72838 7.6646
-7.88434 3.72294
-5.65942 3.45421
-2.41554 6.38327
-0.28397 -9.38912
1.04953 -9.02851
-7.70792 4.44344
-3.0503 6.90242
-6.83979 1.67724
-0.24625 -8.23106
-1.55741 -7.95856
-0.37134 6.9113
-3.64536 7.60748
-3.23471 10.30282
-2.89951 8.41036
-1.27781 -6.97625
-0.32873 -9.53338
0.54632 -9.02666
-3.12221 7.21448
-8.70065 4.59233
-1.15042 -8.78414
-2.14814 -11.15523
-0.10566 -7.90503
-7.43798 3.58217
-3.02792 6.66773
-2.19808 6.38419
-7.31673 0.94111
-3.10335 7.9119
-1.46069 7.80874
-1.24191 -8.91602
0.09566 -7.41376
-0.94544 -7.77467
-7.26602 2.69485
-5.84005 4.21464
-1.31435 -7.70669
-2.86067 7.86176
-3.83265 4.91493
-1.1513 7.46411
-0.66713 -9.9869
-3.56858 7.01377
0.26862 -10.83114
0.37156 -9.99573
-1.83621 9.33496
-1.49049 -9.75186
-7.20035 4.97877
-3.57106 5.56948
-1.2782 -9.27596
-1.25614 -7.56237
-3.30204 7.89566
-6.39642 2.35395
-6.28581 3.44924
1.13929 -7.84735
-3.15468 7.004
0.05432 -9.67389
-0.1323 -9.04123
-0.25864 -8.36479
-1.64323 7.61584
-0.79834 -10.16391
-3.34847 7.92594
-2.66093 8.25546
1.14547 -8.33032
-4.95462 2.80642
-3.05085 8.82605
-4.05897 7.45977
-0.96659 6.44406
-6.49082 3.52083
-1.2953 -9.53537
-3.24628 8.37811
-0.19386 7.09971
-5.60563 3.49659
-8.36959 3.03093
-2.48975 7.87348
-5.93097 4.4241
0.10496 -10.29423
-2.04645 -9.35507
-1.92362 10.28274
-2.31948 9.19345
-6.61415 4.37884
-5.37807 2.07363
-6.45848 3.7857
0.44855 -9.53414
-3.51238 7.76247
-0.73525 -9.35485
-5.76358 4.57041
-0.97639 -9.23243
-2.85218 6.55533
-7.81628 1.67286
0.42001 -8.0982
-1.27983 9.05037
-7.65247 2.68037
-1.14712 -8.03443
-1.50981 7.55376
-1.73056 -10.64413
-1.30834 8.18495
-0.80243 7.41132
-6.01625 2.22175
-6.95607 3.50448
-3.73392 6.89328
-3.60276 7.13628
-6.98711 2.42427
-2.924 8.00247
-1.3655 8.73077
-2.07149 8.09776
-0.48532 -9.05769
0.36224 -8.82045
-1.21985 -8.08256
-1.29659 8.54722
-0.48909 -8.61686
-1.47307 -9.59513
-3.13407 7.1648
-1.42782 -9.58137
1.39923 -9.20987
-3.87467 9.11409
-8.51078 2.03389
-5.8975 3.02396
-5.99552 3.04984
-6.27836 3.55855
-2.25681 7.20489
-0.08474 -7.57138
-1.21445 6.66294
-0.94192 9.17422
-0.43644 -9.65991
-2.49624 7.20749
-1.15478 4.6829
-0.98035 7.28929
-4.77425 3.02271
-6.6086 3.92343
-1.84303 8.22621
1.7964 -11.54295
-0.28715 -8.08984
-0.14033 -8.06031
-3.3721 7.83759
-5.67388 2.95071
-3.35907 7.16328
0.61694 -8.63678
-0.05704 -8.72988
-7.22072 1.94244
0.25756 -9.44574
-4.34 7.05311
-1.64155 6.45496
-2.79407 7.64575
-1.15828 -8.86569
-2.02135 8.15402
-1.8877 7.43603
-6.83615 1.66629
-2.33614 7.4218
-3.4191 5.54189
-6.68195 3.36804
-6.6648 3.7221
-1.44374 -8.09203
0.00023 -7.73704
-2.18714 7.73947
-1.27468 7.42839
0.7729 -8.65592
-5.80761 2.11675
-1.5325 7.73773
-3.66532 8.12403
-6.72346 3.24812
-5.89931 2.03545
-3.10456 7.3509
0.6583 -9.90844
-2.64265 7.88987
-5.50647 4.0024
-2.09438 7.83741
-6.53557 1.92562
-1.16285 6.64936
-6.08227 4.54481
-8.16683 4.31034
-1.73369 8.19497
-7.47442 4.2002
-5.2557 2.11814
-4.4464 7.94457
0.2138 -10.53037
-1.09825 -8.4195
0.31453 7.17183
-4.4943 2.59398
-0.83259 8.48991
-5.78953 3.62113
-6.68992 2.44362
-6.40425 1.9499
-6.39231 3.50958
-5.4081 3.92123
-0.81713 -8.34845
-6.85577 1.89528
-7.18005 3.40284
-0.36761 6.81714
-7.35534 3.41577
-6.58476 1.69171
-1.06861 -9.99226
-6.29086 2.59683
-5.23217 4.82994
-1.27364 6.38997
-9.6363 3.48654
-5.62455 2.9784
-6.83002 1.92832
-0.82014 -8.74847
-5.82011 2.10596
-0.78122 -9.01854
-7.28555 3.30623
-0.50762 -7.94583
-7.11357 2.30735
-1.30292 -9.67979
-5.51922 2.34318
0.06887 -7.68738
-1.13038 7.1916
-2.7767 -8.98092
-0.76268 -8.24708
-6.16255 4.74869
-7.84639 1.37276
0.30061 -7.25185
-5.63132 1.88057
-6.31867 3.41005
-1.56816 7.88845
-3.49466 8.63334
0.34826 -9.64413
-7.62394 3.4336
-3.64567 7.13458
-5.12016 2.11965
-1.12524 7.85183
-3.04902 8.88854
-6.76152 1.94686
-6.60427 3.63222
-6.41328 3.51106
-3.70355 6.96145
-6.33771 2.96474
0.10152 -8.61466
-8.242 2.67765
-2.63817 7.40987
-4.93459 2.17238
0.66723 -10.39989
1.79766 -8.16475
-4.84228 7.17245
-5.43915 3.36736
0.1584 -7.59246
-1.4892 7.54515
-0.36361 -9.22751
-2.31818 7.23729
-1.83409 6.98342
-0.81077 7.73223
-3.54899 7.78223
-2.92244 8.45073
-5.93408 2.67379
-3.83879 8.30632
-7.02855 3.12619
-7.61638 4.17429
-2.22747 7.80391
-6.78208 3.15529
1.42774 -10.71647
0.35064 -8.18459
-0.20007 -8.94125
-1.74812 6.68578
-0.37221 7.95995
-2.1307 8.00194
-5.60576 6.44689
-6.04495 5.24453
-2.80431 6.97454
-6.93155 3.53536
-1.32792 7.41006
-1.96492 -9.00679
-1.34923 -9.43629
0.21792 -9.56561
-0.19756 -9.28737
1.42083 -6.647
-1.93733 8.04606
-2.49045 6.84204
-0.41078 -9.14737
-1.6617 -10.66833
-5.38997 4.53665
0.32792 -8.58863
-7.78466 4.53503
0.02403 -9.60564
-3.04695 7.31454
-0.37598 -9.64943
-0.93011 -9.35546
-2.03763 -10.17398
-0.77919 -9.87015
-6.89325 3.45116
-2.45914 -7.95345
-7.54602 4.31435
-1.74999 9.03146
-7.63405 3.1123
-1.29681 -9.00475
-0.41929 -8.74375
-3.73659 9.77356
-6.76364 3.66636
-3.04437 7.22965
-2.80164 8.13933
-7.65993 1.98568
-0.01648 -7.96077
-1.50169 -10.21274
-6.95692 2.45439
-6.30618 4.23091
-1.42285 -9.22228
-2.95452 -10.03451
-6.13528 3.41502
0.14821 -9.98035
1.36817 -7.94633
-8.65387 3.5254
-2.58458 -9.68042
-5.14565 3.39222
-6.83304 1.1856
-5.66711 2.89079
-8.07878 3.791
-1.8435 9.02825
-2.5645 -8.33044
-6.10785 1.37916
-1.00696 8.25967
1.76193 -8.46439
1.47594 -8.06335
-1.05727 -6.65153
0.00365 -9.90182
-6.16233 2.13851
-7.66414 4.18951
-7.99676 3.71517
0.16674 -9.17321
-0.1903 -7.9117
-2.55523 7.23125
-7.97293 3.42616
-7.05502 2.71001
-7.2884 3.91005
-0.72434 8.9533
-1.96188 8.66007
-1.86742 -9.88142
-2.46719 7.10159
-1.24774 -9.03093
-1.12274 -8.14281
-1.31008 -9.14956
-6.07628 2.22193
-7.16035 2.39384
-0.86641 -8.13924
-1.04272 -9.60982
-6.10609 3.05876
-1.05808 -9.3882
-0.6935 7.61173
-7.42467 4.17601
-6.94857 3.16315
-7.93942 2.74869
-4.27961 4.40121
-3.71493 7.90327
-2.3881 8.92868
-1.20753 -6.95416
-3.11966 8.5093
-6.2999 2.42229
-1.6455 -8.37164
-2.17934 7.12665
-7.3788 2.26245
-4.44551 7.44221
-2.69538 -9.30442
-6.95636 2.45066
-7.77962 3.56205
-1.70933 -8.54548
-6.78697 3.76775
-6.79122 2.83271
0.06288 -9.79799
0.35426 -8.45748
-7.45299 3.12662
-0.81456 -8.99083
0.82351 7.53799
-1.57602 -9.53525
-7.86273 2.22004
-0.75259 -9.08523
-2.06499 8.87638
-2.4864 -9.85027
-0.97782 7.75518
-6.63164 3.29705
1.88861 -8.33834
-1.34894 7.5613
-0.77718 -8.75324
-8.01789 1.08183
-7.35739 3.32973
0.02334 -9.21519
-6.14342 4.19978
-0.81597 -7.19414
-6.73609 3.70669
-2.45285 7.62912
-7.7293 2.68171
-2.71104 7.89241
-7.19777 4.57099
-1.23838 -9.86293
-6.86705 3.821
-1.96697 7.45112
-0.62317 -9.86198
-0.01785 -7.32163
-1.96488 9.37133
-1.46038 -9.15694
-7.2234 3.50729
-6.63097 1.94854
-1.00874 -8.39128
0.11143 -9.47683
-2.37336 8.33999
-2.37366 7.26
-0.21951 5.28287
-2.37827 8.9312
-4.40622 8.88885
-0.40518 -10.08626
-2.25229 9.88446
-6.18307 3.60771
-6.9056 1.92331
-1.62301 6.28915
0.3728 -8.59797
-7.10282 3.12705
-5.07949 3.45335
-5.25072 4.61604
-3.28011 6.81647
-1.25283 7.87779
-0.71094 -9.40849
-1.92593 7.82918
-0.50507 6.89186
-3.13124 8.11492
-2.80253 8.29012
-0.99436 7.35615
1.29014 -8.10454
-0.53998 -9.35495
-2.70567 7.23858
-7.29754 3.13862
-5.1132 3.21188
-5.67978 3.76843
-1.01161 -7.93278
-0.93414 8.7597
-7.84809 3.78837
-6.92336 3.90297
0.99448 -8.46774
-0.7269 -7.12053
-1.03773 -8.85849
-6.76151 4.16936
0.30287 -11.02846
-3.30047 6.59421
-2.36683 8.22182
-1.34302 -7.65652
0.02736 7.73593
-1.72195 9.06169
-0.33304 -9.77968
-1.6801 6.69101
-2.30001 8.49541
-1.69273 7.75418
-1.74707 7.24769
0.29369 -8.42328
-5.7532 4.23555
-1.55254 7.54415
-7.31798 3.10538
-1.31775 7.34512
-6.77334 4.32164
-6.21659 2.31163
0.11065 -9.52597
-1.61729 -8.49071
-5.92223 4.4956
-2.67506 8.05505
-6.06242 1.66082
-2.26645 -7.93731
-8.1591 3.63206
-6.16969 2.31636
-1.88336 8.36515
-1.98724 7.88043
-6.27915 5.67938
-3.37163 8.09634
-5.65937 5.33826
-1.9131 7.92645
-5.47696 2.3897
-8.96096 3.5726
-7.05159 3.27904
-2.81523 9.12899
-2.42417 7.77148
-0.7485 -8.86401
-6.93569 4.02338
-1.23811 -7.46964
-0.4556 -9.75771
-6.89663 3.13094
0.64531 -7.87541
-1.18434 -8.37449
-3.52428 6.36136
-6.41341 3.22494
-3.41815 7.98871
-0.24869 -8.26405
-1.20998 6.81938
-7.72521 0.26504
-7.29216 4.235
-1.18815 -9.07112
-2.94266 8.58004
-4.16855 6.95214
-2.73844 7.87505
-1.55878 7.22293
-1.97856 -10.39117
-2.73832 6.26641
-1.55476 -8.44318
0.87623 -9.98587
1.76942 -9.63147
-1.04021 -8.40991
-6.87135 3.68719
1.13059 -11.43807
-1.76051 8.22016
0.14819 -9.34833
0.01279 -8.83126
-0.89297 -8.99211
-1.16912 6.89618
-7.92087 4.42835
-5.84421 4.09868
-2.61615 6.95928
-1.02687 -9.56274
-2.24569 -10.00526
-0.38634 8.64982
-1.34085 -8.10196
-7.46378 2.74469
-0.43512 7.34032
-0.57497 -8.79071
-1.83297 -10.54307
-1.26363 -8.04934
-4.2118 5.61536
-1.94569 7.58416
-6.79787 5.3321
-7.48933 4.79298
-0.73024 -8.18069
-4.96488 7.39254
-0.10189 -8.26911
-6.85592 2.91483
-8.35617 2.63039
-7.3311 2.24262
-5.5201 2.59352
-0.6814 -9.67799
-2.0158 5.18466
-6.06208 3.86538
-2.96627 7.00351
-6.86342 3.27082
-5.4288 3.68917
-2.18522 7.49479
-0.4452 -8.99101
-6.09556 2.07011
-2.5652 8.77246
-1.78882 6.90964
-6.14993 2.90476
-6.6549 2.08491
-1.46353 7.70509
-1.62317 6.88947
-0.51896 6.11139
0.09994 -8.12459
-2.48336 8.46169
0.48458 -8.33866
-3.18659 7.62481
-6.46268 4.42504
-7.57 2.90782
-2.05546 -9.94613
-7.26508 3.21867
-7.33585 4.15626
-2.26982 6.10723
-1.70227 8.74713
-6.47073 4.24934
-3.48116 7.07718
-1.59207 8.66098
-1.69119 7.6862
-2.8783 7.74773
-4.64891 3.16037
0.16883 -8.81906
-6.48032 2.33181
0.64269 -10.66945
-7.61848 1.94674
-1.34054 7.90551
-1.12652 5.4658
-0.22957 -7.04723
-7.21998 3.79236
-1.74765 5.90563
0.40632 -9.82507
1.27472 -6.0936
-7.50194 2.49488
-0.33005 -9.68034
-0.34918 7.03099
-8.76782 4.75342
0.00846 9.19256
-1.01365 -9.95173
-4.06377 8.50521
-0.24315 -9.52157
-6.83478 2.04465
-0.79356 -8.72157
-7.58502 2.79752
-0.71049 -9.2776
-5.60874 3.23088
-0.97942 -11.09406
-7.2983 2.72019
-0.46803 -10.12829
0.90397 -8.79215
-2.60152 -9.20979
-2.61861 8.28986
-5.70199 3.59596
-4.08018 2.49032
-3.66768 6.9347
-7.81116 1.53268
-0.78968 -8.95602
0.01256 -6.62194
-1.74532 6.37657
0.74046 -9.6982
-6.9187 5.12567
-5.8709 2.09025
0.69886 -9.00144
-3.03976 8.57927
0.56814 8.10718
-5.73747 4.08571
-6.55698 4.42183
-7.0495 4.63676
-2.45276 -8.22258
-1.40676 6.68115
-2.47672 6.99664
-2.52499 8.13321
-2.90418 7.08338
-8.21654 3.30111
-4.67497 1.36065
-6.32875 2.9869
-7.26582 4.49237
-4.70048 7.10554
-5.37197 1.63228
0.19761 -9.78274
-7.35226 2.23817
-0.0963 -9.04369
-1.57958 5.48379
-3.42435 8.00837
-1.80519 7.09903
-0.35824 -8.08089
-2.28969 6.55747
-1.74429 8.62625
-7.4472 4.32706
-1.8797 8.65337
-6.62149 3.97847
-0.52497 -10.43377
-1.19261 -10.39281
-5.41324 2.58129
-5.33592 3.34622
0.32971 -5.99063
-7.31941 3.04782
-7.29718 3.68193
-5.62738 3.62911
-5.78103 2.53474
-3.14123 7.0733
-6.84217 1.91128
-4.77106 2.09209
-0.67281 -9.24586
-6.7469 3.55649
-7.07006 3.73797
-1.98249 -8.52023
-5.48519 2.20083
-5.32645 4.32308
-0.07129 -9.7852
-2.72263 6.60907
-0.11107 -9.31494
-5.35621 2.0172
-8.33993 4.31237
-0.11001 -7.82889
-6.82771 2.61809
-1.71444 7.79272
-0.93199 9.62777
-2.52137 6.50314
-1.52504 -8.79713
-1.63216 9.15404
-5.7535 4.33658
-5.75925 3.67027
-1.71054 6.37136
-6.70605 5.03629
-1.25949 6.29491
-1.07662 -8.8037
-0.7844 -8.5284
-1.20325 8.71131
0.40016 -7.98339
-1.78278 6.96387
0.1576 -9.74389
-0.90307 -9.26956
-6.35798 1.60239
-8.0412 3.32219
-6.34506 2.91434
-5.51038 2.64094
-2.17547 -8.31428
-5.57428 2.01204
-2.79753 6.25933
-0.00755 -8.18713
-6.03909 2.60248
-6.34451 2.24085
-1.84167 -7.68779
-7.45127 4.55638
-0.05121 -8.90574
-0.9107 10.17664
-1.58481 8.63622
-6.08925 2.60086
-7.30272 4.17516
0.0604 -8.16364
-7.09378 3.24729
-1.34104 7.91912
-2.21191 9.18099
-7.22091 2.46663
-1.03001 -9.1105
-0.90007 -8.31613
-1.08885 -7.44218
-2.29177 -9.42342
-8.35864 1.24716
-3.50486 6.28798
-7.605 4.23734
-6.60382 3.30433
-0.39058 -9.22122
-3.57814 6.58899
-3.37847 3.09914
-0.9539 6.96271
-6.17765 2.37627
-6.16593 3.97954
-2.18271 7.19682
-7.62114 1.60044
-2.95297 -9.94349
-7.63128 2.46886
-1.88333 -6.82073
-1.53962 7.87063
-1.41069 8.12743
-0.39796 -9.12175
-0.9519 -9.23615
-8.88364 3.60839
-1.38508 8.66261
-2.3255 7.87826
-2.67463 -7.88866
-2.43222 9.93445
-5.78499 3.27832
-0.3371 -9.75839
-6.27524 2.90589
-7.54321 5.51498
-6.48644 3.63165
-7.46295 2.31725
-6.35208 3.99094
-6.00012 2.54724
0.36814 -8.66499
0.39738 -8.66526
-0.82793 -8.25344
-1.41481 -9.64454
-1.5967 -8.47301
-0.05494 -9.92609
-6.94962 2.91898
0.21822 -9.82148
-3.09434 8.22414
-2.2075 8.21674
-1.84938 -8.39592
-6.25818 2.31877
-1.51264 -10.92315
-1.63703 8.42789
-1.54626 -10.48388
-6.50955 3.64124
-8.26186 2.99819
1.53189 -9.39963
-0.4341 -7.62899
-0.2209 -10.14541
-2.97735 -9.39214
-2.80098 8.47882
-7.18697 5.09632
-1.05571 -8.56903
-1.76343 -8.13125
-6.26992 1.99012
-2.59206 -10.86842
-0.79086 -10.08842
-5.9626 3.24789
-4.86769 2.89777
-2.3127 7.03289
-7.14643 2.11492
-2.10723 -9.89292
-3.66228 6.49753
-2.90325 7.45946
-1.54024 -10.33963
-0.37768 -8.63534
-4.62982 4.91617
-6.06114 2.67659
-7.52091 3.58779
-1.70094 7.6089
-7.02153 2.04959
-6.90932 3.13451
-6.74951 1.18583
-5.43459 2.91944
0.14045 7.88805
-2.31979 7.43819
-0.53831 -9.9083
-7.15904 4.70492
-0.94755 8.27508
-7.3372 3.18839
-1.72487 8.47738
-0.43382 -8.87689
-0.36992 -8.53723
-3.06127 6.80726
-3.5284 9.31157
-0.84108 -8.78099
-7.3892 1.7073
-0.17103 -10.15268
-6.33777 2.59031
-1.67741 -8.21573
-2.0775 7.45686
-1.32792 -9.0392
-2.42508 6.56645
-1.06721 -8.5328
-1.38062 -7.84191
0.83646 -8.49548
-5.32441 3.52056
-4.24877 6.25254
-1.147 -10.61051
-0.06543 -8.63815
-0.19459 -9.8569
-1.84322 7.69043
-0.92425 -8.22069
-1.81069 7.70451
-0.23639 -10.26226
-6.36981 1.66079
-2.28935 6.71401
1.71609 -8.38236
-6.58665 4.93356
-6.1305 1.96483
-7.6823 4.16908
-0.21836 -9.78633
-1.1748 8.36515
-5.31945 4.25996
-6.33583 2.15819
0.83523 -9.43299
-0.12003 -8.48478
-2.20864 7.50959
0.33577 -8.50837
-0.80194 -9.92965
-7.80137 4.71135
-1.44134 7.72823
-5.99644 1.76784
-6.65967 3.25079
-2.45424 7.22945
-1.73864 8.1126
-0.1415 -9.01199
-2.24097 8.76144
-6.48511 3.05687
0.08187 -8.05566
1.1509 -10.96327
-3.58503 8.4284
-6.60124 3.74668
-1.35099 6.31343
-1.37626 -8.52717
-6.43555 3.65943
-7.55398 1.45387
-2.60919 6.93715
-0.65197 -9.23429
-0.55613 -9.62242
-2.9356 7.96453
-2.18358 6.44782
-2.91417 7.35269
-0.917 8.46094
-2.17625 8.17565
-7.00025 2.36531
-0.56295 -9.01746
-0.57075 6.28027
-6.99316 3.05201
-6.17603 2.57353
-7.99687 4.47968
-1.421 8.19355
-8.4761 4.17694
-8.76198 2.92706
0.00855 -8.79685
-7.2191 3.40582
0.24309 -9.28725
-2.80957 6.73039
-1.45431 7.45439
-0.68726 8.36425
-7.099 2.74778
-4.08308 8.3639
-2.48761 8.30791
-5.19481 3.18951
-0.37943 -9.72775
-6.20379 2.95052
-6.91692 3.80066
-1.85778 -11.33384
-3.08233 7.83334
-0.35461 -7.43213
-1.57429 8.51314
0.74557 -8.72927
-6.62929 2.48934
-3.59489 7.22397
-4.18166 9.14161
-0.2694 -7.49029
-1.59429 7.02794
-7.57516 2.77796
-0.97839 -6.83444
1.99049 -9.92158
-5.53871 2.00262
-0.71331 9.30426
-2.27475 7.96154
-1.18919 -9.07818
-0.99079 -10.41949
-0.35582 -8.47259
-2.79378 6.78158
-0.81485 -8.55423
-2.76808 7.02915
-2.2265 5.27126
-0.51741 7.40214
-3.10927 10.34776
-6.92603 3.89011
0.16679 10.09108
-1.73868 7.53578
-0.66037 7.63747
-0.61516 -9.6052
0.0283 -9.62546
-0.71234 -9.68037
-7.39524 5.4089
0.72138 -8.66469
-1.1435 -10.12623
-1.17286 7.69934
-0.55769 -10.25392
-0.75052 -7.80216
-5.99155 5.00959
-0.87311 -9.07461
-2.63732 7.51896
-0.67221 -9.08692
-7.11249 1.3069
-1.82083 7.56695
-3.3001 7.41093
-0.87973 -9.09625
-2.12256 7.59507
-7.81937 5.04427
-7.90404 2.93813
-6.13922 3.47921
-0.95858 -9.59484
-6.37362 3.38029
-1.05719 8.01176
-0.19979 -9.08308
-0.8645 8.18299
-2.16725 -9.20015
-3.19485 8.21693
-1.66018 8.72109
-0.80401 -9.16386
-3.28972 6.60733
-0.87305 -7.29159
-6.23631 4.11188
-6.18749 1.70789
-2.77205 8.54343
-2.76703 6.21561
-2.15572 9.26839
-3.6218 6.72867
0.1914 -7.64518
-0.26076 -9.93989
-0.37885 7.28498
-2.5818 7.83064
-2.56542 7.89765
0.8962 -8.00907
-7.80053 2.92186
-3.51065 7.22813
-7.96676 0.27087
-1.20108 -8.14465
-0.9836 -9.96167
-7.04797 2.63719
-6.36774 4.60066
-0.08971 -11.28568
-1.73104 7.82408
-2.30274 6.92578
0.01988 -9.98097
-6.00037 2.40547
-0.58989 -10.27549
-2.03606 6.35263
-0.45009 -8.52474
-1.0609 -8.19947
-6.32555 3.75132
-1.52816 9.2773
-4.19199 7.5057
-0.58461 -7.94144
-4.97772 4.32874
-6.91107 4.71877
-2.43056 7.92637
0.27853 -7.51793
-6.65071 3.0119
-0.22892 -9.22361
-6.73955 3.46285
0.30897 -8.52601
-2.01537 8.2379
0.11243 -8.90098
-2.5134 -7.60909
-2.48122 -8.90094
-2.38748 7.71898
-6.82727 3.6218
-9.03056 2.94537
-1.83723 -9.9203
-3.13804 6.7669
-1.90427 7.30221
-3.35318 8.95726
-5.27774 2.46348
-0.71695 7.83286
1.70956 -8.717
-0.37981 -9.99029
-0.62423 6.02915
0.37837 -8.15101
-1.50801 6.71871
0.52481 -8.05551
-1.53656 9.0993
-6.83724 3.90842
-1.69013 8.47944
-6.55116 2.94912
-7.91511 2.37255
-0.06667 -11.24389
0.29326 -7.07371
0.80145 -7.39962
-6.43694 3.25496
-1.95962 -9.57529
-3.16574 7.85353
-0.39935 -8.30076
-2.16339 7.61042
-6.11811 4.03226
-3.78616 7.69656
-2.68538 10.74497
-1.46958 7.87201
-7.64258 3.9318
-2.2233 8.117
-7.64119 2.47911
-1.71918 7.2306
-5.87355 4.84001
-3.88768 6.63673
-0.29331 -8.70701
-2.36762 8.74581
0.11793 -8.06667
-6.8869 1.40101
-1.65368 7.83385
-1.14422 8.65458
-1.28884 8.21132
-7.03643 2.99763
-6.4479 2.06738
0.40416 -9.04124
-0.10962 -8.6993
-2.45124 7.20556
-0.9804 -7.48762
-5.83029 2.66841
0.64988 -9.02544
-6.00937 3.30274
-0.69539 -8.14974
0.47003 -8.59552
-1.44101 5.71968
-6.72405 3.60943
-1.73773 7.46296
-1.82594 7.61044
0.12296 -8.64573
-1.94763 -7.97458
-4.47301 4.40223
-0.47887 -10.15689
-1.11542 8.64145
-1.49579 9.48312
-6.40075 3.05995
-1.97032 7.4067
-7.49535 1.9888
-5.63815 1.32993
-1.18867 -7.68285
0.19288 -9.37027
-2.91265 7.92503
-1.82226 9.05992
0.02144 -6.37273
-1.67559 -8.94973
-7.57232 3.78335
1.9544 -8.08226
-5.70257 4.20764
-0.37546 -8.64772
-0.81923 -8.40914
-5.92341 1.90626
-3.07548 6.20474
0.32444 -9.06798
-3.03829 7.46784
-7.21501 3.30853
-3.33844 7.17184
-7.011 2.94399
-0.16236 -6.92015
-7.41839 2.4833
-1.96173 -8.67863
-2.49775 7.95136
-6.75744 3.7878
-5.61622 2.51125
-2.50158 7.54329
-6.51773 1.83179
-2.04376 -7.35461
-6.29179 3.0297
-7.94645 3.87889
-6.12084 5.10419
-0.67548 -8.41987
-6.45868 2.47925
-1.8785 6.1509
-2.51777 -8.13564
-2.17069 6.28548
-0.10434 -8.9813
-5.95998 3.932
-1.16822 -8.20413
-2.94242 -8.81224
-5.42831 2.9915
-7.35184 2.92682
-5.35364 1.99426
-0.53145 -9.50609
-5.39572 2.79812
-6.35447 3.71398
-3.28346 6.89833
0.53031 -9.04352
-2.00494 8.27879
-0.40432 7.2184
-2.31261 -7.21131
-4.65286 3.36166
-6.30995 1.97665
-2.59244 9.19343
-3.55847 8.70596
-8.33023 3.03896
-5.89209 4.12255
-1.85354 7.34989
0.2205 -7.88388
-0.09041 -9.39581
-6.13788 2.76748
-6.65836 3.0643
-8.23774 3.2229
-2.60206 7.78822
-2.13455 8.22348
-8.30375 1.80527
-2.03508 5.60583
-0.09703 -9.3791
-3.50262 6.4773
-0.06017 -9.69558
-3.09931 7.42655
-6.22971 1.92309
-7.34038 3.09357
-6.06314 2.35946
-7.92955 2.31028
-2.0729 -9.35363
-1.74811 7.1901
-5.27068 0.93895
-7.1135 3.23075
-0.70399 -10.55321
0.30455 -10.02744
-3.49474 10.40042
-7.5867 3.29409
-4.77021 3.04424
-1.68129 6.17449
1.16847 -8.10765
-6.60929 3.42046
-2.51899 8.68475
-2.82891 8.03549
-2.66554 7.03378
-2.1016 9.27329
-4.8436 1.08862
-5.83356 3.27516
-2.03015 5.77146
0.10698 -9.43801
-8.05131 2.65453
-6.67178 2.17961
-2.51937 8.15174
-1.50191 -9.76535
1.70264 -7.9188
-2.24129 -10.41613
-1.97662 9.59058
0.28176 -7.59902
-0.77873 -10.81661
-7.41732 2.60788
-7.78385 2.69172
-1.70842 -9.02933
-5.77999 3.26144
-6.01868 2.78125
-2.09216 6.67505
-5.86188 2.93023
-0.76827 -9.28633
-0.54596 -10.13744
-1.06684 -10.05323
-2.06673 9.39183
-1.02194 -7.86191
-6.19258 4.71456
-3.06794 8.42682
0.55993 -8.54204
-6.84459 4.42089
0.02896 7.64495
-2.36116 8.27463
0.52636 -9.1882
-1.68554 8.58929
-6.04177 3.08198
-7.14417 2.93926
-2.26941 6.5317
-1.91562 8.2941
-1.56368 -9.65354
-7.40242 3.54421
-7.14229 1.34829
-2.74664 7.44825
-2.24877 -8.32686
-6.84673 2.34107
-6.04194 3.62659
-1.69721 9.02055
-6.12073 3.01712
-6.51285 3.34028
-2.45516 6.72378
-1.84259 -8.93106
-0.325 -8.1215
-7.42958 4.70191
-2.32918 8.25705
-3.81538 9.48033
-1.84667 7.77872
-1.6976 5.25342
-5.24352 2.74312
-0.61313 -10.77531
-4.33415 8.68227
-6.05912 3.25995
0.38181 -9.56823
-2.05723 8.1717
-0.47012 -9.96482
-2.75028 7.60418
-6.55126 2.24108
-1.94783 8.26146
-0.48736 -9.33945
-1.00332 -7.76607
-0.36635 -9.66803
-2.47166 -8.88863
-1.84438 7.70045
-1.79282 8.13604
0.844 -9.4184
-1.24453 -9.80026
-6.10953 2.4457
-6.35697 3.97935
-2.84761 8.37672
-7.56925 1.93679
-7.07012 4.29488
-3.56571 8.00549
-0.11572 -7.91049
-2.14815 10.21512
-7.64627 5.3649
-7.31173 0.40788
-1.58957 6.9703
0.41137 -9.58768
-2.83346 8.95455
0.24251 -8.3243
-1.30399 -9.33016
-5.34596 3.28507
-1.03494 7.26894
-7.0024 3.77885
-6.59102 4.31253
-5.05808 6.08555
-1.21301 -10.52236
-1.96856 8.65737
-0.50285 -9.97603
-7.45005 4.39874
-7.26997 2.22162
-1.70785 -7.25765
1.2924 -8.66352
1.95556 -7.71402
-2.06526 8.26457
0.01255 -9.18269
-6.72547 3.33709
-6.80841 2.32536
0.59693 -10.02342
-7.73164 3.41185
-6.07425 1.56177
-0.54095 7.70042
-1.2886 8.40219
-6.55118 2.76032
0.87878 -8.97407
-1.96639 7.52121
-2.82947 -9.1215
-6.01436 3.50986
-1.86342 6.57755
-8.45137 2.61215
-0.59989 -9.10447
-2.37948 6.57778
-3.52201 7.03709
0.83702 -10.68442
-0.59005 8.6019
0.99735 -8.87291
-5.74091 5.60395
-2.58018 8.07543
0.07406 -9.04125
-0.15275 -9.20928
-1.14688 -11.87546
0.99727 -10.26847
-0.70051 -10.097
-2.81887 7.60134
-6.58081 4.47023
-4.82943 2.27003
-0.06739 -9.22552
-5.96114 1.412
-4.82855 9.35412
-2.50491 9.58616
-0.83073 8.90769
-7.5268 4.20391
-0.26701 -10.58286
-1.91481 6.67929
1.99205 -8.27498
-6.94394 2.49118
-2.13651 6.13194
-2.49041 10.06537
-3.02057 -8.1559
-8.4675 4.04063
-5.25482 3.27689
-6.32944 4.47638
-1.94066 8.05299
-1.06865 -9.51775
-0.00631 -9.89623
-7.48863 3.18878
-3.07494 7.61974
-0.6753 -8.85247
-2.56792 -7.84525
-1.5013 -11.83489
1.48682 -8.32551
-2.49951 8.79361
-2.25376 9.12249
-2.65027 7.89365
-0.45919 -8.27918
-1.85236 -8.25632
-1.53531 -8.01469
0.40452 -9.50343
-1.46145 6.44426
-0.86003 -8.85351
1.10663 -10.62038
-0.05863 7.55552
-5.84305 2.27881
-1.26007 9.74525
-1.10247 -7.94724
-2.89561 7.08402
-0.80488 -10.46638
-0.63396 -7.98674
-2.20211 7.02823
-5.78573 2.03647
-7.25021 1.54626
-1.52015 -9.87206
-2.28806 7.7432
-2.78422 7.46362
0.76441 -7.81887
-5.14551 4.60993
-2.87395 6.32493
-0.6115 -7.76141
-3.68029 7.74013
-6.18322 2.83769
-0.05847 -8.27703
-0.80489 7.64434
-1.76659 -8.77141
-0.53139 -8.34802
-0.6548 -8.61102
-0.89712 -9.11332
-1.34706 5.45111
-1.03297 -8.72332
-6.95121 1.90551
-1.87775 7.57361
-0.7919 8.06945
-1.51649 -8.91295
-3.94205 8.56376
-2.62872 8.22231
-1.83387 7.46145
-1.4797 -9.87803
-6.77146 2.63463
-0.35729 8.05184
-1.24044 -9.28007
-1.39043 6.94459
-2.61087 6.3232
-6.81518 2.63162
-1.56534 5.82736
-6.33862 3.25274
-0.98297 -9.96737
-6.59528 3.36966
-0.47868 -9.72938
0.14914 -7.75303
-0.22609 8.74177
0.57405 -7.54537
0.05247 -8.36065
-2.25328 -10.22606
-6.62232 0.57507
0.76574 -8.98127
-6.61231 3.91913
-2.20543 8.99378
-6.88445 4.58787
-2.7764 8.97297
-2.43611 6.95662
-1.99082 6.41587
-3.84167 4.47488
-5.85377 1.54446
-3.63721 7.82591
-0.89909 7.515
-7.58671 2.53948
-1.10187 -9.16121
-1.20557 -9.70414
-0.50809 -10.19078
-6.61055 4.8719
-1.94551 7.35256
-0.43926 -7.50576
-7.86033 4.49333
-7.99354 4.98122
-8.91692 2.62653
-5.94851 3.05488
-7.78187 4.30302
-5.73937 2.69457
-3.18115 6.80944
-1.3241 -8.41584
-7.39589 2.33924
-0.80831 -9.6032
-1.56965 8.35228
-7.44727 3.54778
-6.30188 2.7891
-0.80089 9.12847
-8.67136 3.32745
-0.22067 -9.64709
-2.82173 6.74208
-4.40401 3.26437
-5.05095 3.83728
-1.36083 -7.88922
-5.96713 2.62515
-7.91903 2.4328
-1.16377 -9.58586
-0.18056 -8.70164
-1.28114 8.04962
-1.56304 8.18418
-1.12285 -10.34703
-1.57918 -8.97596
0.53535 -10.43507
-6.50585 0.78845
-0.02353 -11.12662
-6.15864 2.35665
-8.43375 3.25588
-6.74549 0.82807
-4.29599 7.54639
-1.05703 6.97143
0.58895 -8.32444
-6.50055 2.98169
0.22622 -9.0358
-3.14407 7.21678
-0.72724 -7.35174
-6.60341 3.22322
0.99967 -10.13121
-1.85791 6.92295
-2.28923 7.02819
-1.28155 -10.80839
0.10285 -8.19481
-2.81937 6.54567
-0.83568 -8.96253
0.03016 -7.85766
-6.0701 1.52674
-7.24574 3.31931
-6.79655 3.42651
-2.76595 9.84412
-3.02082 6.92027
0.01029 9.04407
-5.96193 4.33058
-3.37461 9.03397
0.10721 -8.08842
0.03236 -8.38152
-3.2597 8.72042
-6.94998 1.97381
-0.02465 -9.35274
-0.21272 -11.16467
-1.41124 7.26687
-0.95355 5.98176
-0.73959 -9.58335
0.48908 -7.54447
0.21357 -7.76206
-0.94935 -8.95263
-0.93446 -9.49447
-1.04445 -8.18612
-3.64117 6.06114
-1.90171 8.859
-7.82266 2.85573
-2.86427 9.61331
-5.26941 3.86736
-7.49015 2.06247
-7.33899 3.19129
-1.10167 7.34462
-6.6558 3.39473
-6.89186 3.12626
-5.10918 2.62629
-7.8439 3.30274
1.10877 -8.73281
-2.31978 -7.2659
-6.17228 1.93495
-7.03068 5.74017
0.39241 -9.6143
-7.01753 3.4571
-2.78825 8.69834
-5.79372 2.55917
-1.58296 7.67488
-0.15244 8.04856
-0.44334 8.784
-5.39401 4.31629
0.96436 -10.10262
-4.3927 7.21532
-5.12555 3.91008
-3.55122 7.71563
-2.49383 7.38221
-1.1038 7.10907
-1.02191 -10.15695
-1.32248 -9.66008
-2.93164 7.18325
-0.11058 -9.42162
1.13443 -8.75493
-0.87153 6.90935
-7.66889 2.46802
-7.71757 3.53532
-1.62852 7.12579
-1.52102 9.01679
-7.20652 3.07117
-6.88613 3.32793
0.6444 -8.19557
-2.31783 5.88033
-8.03598 2.34425
1.40144 -7.88162
-1.89764 6.28129
-0.7181 -10.01386
0.22245 -8.72968
-0.13463 -9.34307
-3.43412 7.72364
-0.93553 -8.21287
-8.80455 3.21501
-6.87681 3.20969
-6.54384 2.6515
-7.14409 3.56859
-2.0282 7.94399
-0.91918 -9.35181
-7.75397 1.21517
-1.07588 -9.92608
-3.4901 6.90856
-2.30633 10.4071
-6.49698 1.85087
-0.40383 -8.84289
-5.55695 5.00518
-8.11745 3.97492
-2.01332 9.2032
-0.50855 6.92177
-2.60606 8.08884
-7.04398 1.4923
-6.15344 3.50973
-1.60892 7.94015
-3.42657 8.05138
-3.84152 8.91284
-0.773 -8.86698
-8.19383 2.87267
-7.58521 2.73677
-4.79681 3.76036
-6.81786 2.89394
-0.62652 7.67851
-7.57542 3.76645
-0.18103 9.9217
1.04597 -9.44872
-5.99377 3.46521
-1.38315 -9.84977
-1.62862 -8.56729
-7.39475 3.28764
-2.90712 9.17248
-2.86654 7.3402
-2.92756 7.67371
0.38698 -9.74781
-3.71051 7.26422
-1.97479 7.96303
-1.48841 -9.90313
-0.62332 7.22211
0.67783 -9.68896
-0.63293 -7.72951
-5.48502 2.29408
-7.17887 3.81212
-5.3874 4.19389
-4.22201 8.13531
-7.87311 1.60766
0.01102 -8.99483
-0.00917 -8.55537
-2.19379 7.77411
-8.57961 4.43811
-1.15611 -7.46165
-6.92886 4.15611
-0.48839 -10.28511
0.83444 -8.02742
-6.9101 3.08115
-6.21702 3.55771
-1.21822 9.41216
-7.88991 0.76027
-1.23853 9.00054
-6.64987 2.84117
0.26272 -9.12404
-6.19305 3.6025
-5.62189 3.12058
-0.56369 -9.94598
-1.76079 6.3568
-1.38853 8.33461
1.38419 -9.7886
-1.56685 8.04916
0.33815 -9.65745
-1.21392 5.64996
-7.41076 4.61009
-1.63231 7.45488
-1.75379 -8.83693
-2.03652 8.11179
-3.71197 6.71678
-0.69325 7.8241
-4.88785 0.05765
-5.9968 1.89101
-5.86013 2.20293
-7.60156 4.18048
-1.96895 5.8274
-3.06966 4.9557
-6.93612 2.62289
0.28479 -9.59042
-1.80025 7.052
-6.38363 2.73507
-6.5997 2.32657
0.06063 -8.84782
-2.1307 -6.12014
-2.60792 8.75024
-6.51101 2.83259
-8.26991 2.51878
-0.46503 -9.73323
-2.29068 6.29173
-7.15965 3.40771
-2.72705 8.67127
-1.20854 8.74052
-7.87133 3.04523
1.08529 -9.58765
-2.88617 7.98281
-1.92347 9.15206
-2.36677 -9.49602
-6.8959 2.51299
-0.90937 6.77472
-1.37832 7.27503
0.07127 -9.38786
-2.03197 -8.39124
-1.09231 7.89355
-6.7757 2.95473
