200 2
-7.00724 12.00557
-7.94201 9.68873
2.09267 8.5886
-0.94229 9.44536
-5.52321 10.38918
2.75336 10.5954
0.94485 7.62936
1.03716 9.53862
1.61031 8.28158
-0.25052 8.27352
1.01121 9.62152
-0.30499 9.19946
0.4138 9.15152
1.9881 10.62961
1.30352 9.11491
-0.30527 10.19998
1.3247 10.26643
-0.1863 7.59615
0.18534 8.91655
-0.52276 8.99406
-5.91641 9.65896
1.47542 9.74922
-6.57028 7.76864
1.79738 9.08006
1.3145 8.67309
0.22168 8.34473
-6.0992 10.43294
-6.12635 9.12084
-5.64812 11.47651
-0.36758 7.54528
-7.4689 8.8745
-6.3952 10.66912
0.55419 10.1679
-0.81942 8.39185
-1.28031 8.10653
0.92033 9.02372
-1.66282 7.71316
2.22417 9.05303
-2.506 9.45254
-6.0447 9.87532
0.28845 11.03994
1.84493 10.33265
-6.8047 7.79228
0.89456 10.81129
-0.50746 9.50098
1.52506 8.57636
-0.34342 8.53686
-7.06986 9.22782
-5.7734 11.14178
-1.1524 6.53019
-6.56144 10.22667
1.69981 9.01495
-6.04161 10.77907
-6.46936 10.38833
2.57008 10.57994
-5.67885 10.50887
-6.52491 9.06671
-0.71518 8.1008
-0.57342 7.70694
0.78966 9.31837
1.38835 11.1798
2.15569 9.60557
0.21695 9.18679
-8.32923 10.04851
-6.71733 10.13202
1.77211 10.39732
1.83658 6.9557
-6.26701 11.1342
0.37543 8.80133
0.80481 10.14644
-7.03259 9.40925
-7.19908 10.99043
-7.29069 11.09985
-6.6982 9.9836
-0.56098 10.06475
0.60203 9.97462
1.10315 10.07462
1.00374 8.30386
0.69647 8.86018
-0.73084 7.64436
-4.72691 10.87986
2.59454 10.46357
0.73172 8.3237
-6.36494 10.1482
-4.53905 8.95326
-7.15853 7.54745
-5.43342 10.24633
0.78808 9.57922
1.77376 8.79982
-5.662 10.86702
-7.57704 10.90265
2.75354 9.90104
-6.45354 11.5798
-5.65484 10.54748
-5.53891 9.62384
-0.29226 10.1633
-6.45404 9.73836
1.38686 10.42473
-1.44042 8.68551
2.47216 9.55694
-5.93347 8.91102
-0.51925 9.46334
1.49534 9.30584
-7.27837 10.47796
-7.14418 9.79757
4.41192 10.0418
-7.00738 9.86974
-1.42303 8.39435
-7.66489 10.23446
-8.05659 9.94496
0.91624 10.53635
-8.10038 8.84259
1.06619 8.1489
-0.5685 9.35837
-7.01391 10.07033
-1.09282 7.73909
-0.29613 9.46273
2.00648 8.76498
1.39499 10.27701
0.381 10.22752
1.15123 10.37576
-1.28062 9.35466
-0.32905 9.70165
0.56646 9.61928
1.63126 8.8294
-6.99779 8.97384
-6.66403 9.66968
1.38314 8.36575
0.82684 9.55403
-0.58475 7.32874
-0.70623 9.12982
-7.23953 10.09841
-6.84823 9.70308
-0.96467 10.00314
-1.14873 8.34359
0.80425 8.37937
1.44236 8.65669
0.70185 9.93479
-7.4716 10.79732
0.54705 8.65485
-6.00801 11.03073
-1.33696 9.81615
1.22036 10.10816
1.59005 8.82814
0.4179 8.13793
1.68825 9.23165
1.33566 8.58243
-6.13317 11.06254
-0.07138 8.0584
-6.84277 9.8846
-7.49574 10.58965
-2.212 8.69037
-5.73698 9.21131
-0.73111 8.79103
0.44424 7.31655
2.44558 8.31019
-7.99423 8.7923
-0.33447 8.61099
-0.16211 8.86095
2.59383 8.81089
-4.95859 9.69764
1.40057 8.72942
-0.28883 8.13172
-6.84717 8.58512
0.27725 10.25782
-0.06408 8.62644
0.56259 7.74311
0.02688 9.59399
-6.77982 10.25491
-1.44689 8.62746
1.98119 9.84919
-0.06921 8.17772
-0.23335 8.34299
1.68987 8.1776
2.27778 8.10596
-0.90318 9.42813
0.566 6.62789
-6.66475 8.59874
-5.74927 8.96136
-0.24041 8.43608
-7.71886 9.44712
2.61321 10.0592
-0.67795 9.1468
2.38972 10.00958
-0.52572 9.36759
-7.20646 10.0508
0.21562 6.13833
0.05433 7.14581
-5.8466 9.58505
1.40427 9.02669
-5.39665 9.60799
0.22134 8.61565
1.25359 9.26213
1.51764 9.64112
3.26376 7.99486
2.47401 8.84476
-7.3291 9.83882
1.49316 9.32873
-1.02288 8.53737
1.21777 10.27078
