3200 2
-2.31185 7.69284
-0.38952 9.47175
9.40452 -4.61754
8.28016 -5.48784
-3.28919 8.78411
9.04808 -3.80666
-9.58944 8.76154
-3.8276 8.67153
-2.74508 8.45886
10.26955 -4.76352
-6.41171 9.69201
-1.49145 8.91422
8.50135 -3.767
9.10649 -4.42132
-3.67674 8.83254
9.77721 -5.09739
-7.82936 7.67719
9.99556 -4.25575
7.47582 -4.03266
-4.45841 7.96679
0.13006 8.43059
-2.54179 7.81371
-3.96556 9.55963
-4.95722 6.39782
-2.47306 9.71891
-8.46943 8.5529
9.39017 -2.65861
8.98003 -2.2424
-3.20585 9.25778
-9.99586 9.47444
-0.99893 9.07884
6.22855 -4.50537
7.7533 -3.40191
11.17415 -3.60323
-9.53647 8.33061
-9.6442 7.24607
-1.41255 8.73871
-7.05491 8.48148
8.79754 -3.55029
-3.12637 9.55649
-1.99627 9.43217
-1.67659 7.95983
-2.95231 8.07872
-2.903 8.53848
8.17973 -4.39082
-7.14049 8.16983
-7.53516 10.64304
-0.64121 8.90773
8.93212 -4.24226
7.41806 -4.04911
-7.97646 7.85728
-8.92356 9.05705
-3.30009 9.40235
7.63781 -3.27317
-3.52355 9.6005
8.59942 -4.66679
-9.16992 8.48785
-9.63173 9.59438
-2.34031 8.0322
9.30396 -5.64923
-7.85131 9.08359
-2.5299 8.37032
-3.61524 9.04921
-7.58461 9.49061
-4.34636 8.25639
-8.31757 11.10951
7.07971 -4.00643
-8.58469 9.52042
8.26595 -4.29622
8.37647 -5.09712
-6.73448 9.08273
9.21538 -5.85283
-2.28336 9.88485
-6.99084 9.06067
9.79817 -4.57036
-2.60417 7.0928
-1.33893 7.57927
-8.77966 9.4079
-7.76961 9.18023
7.6237 -4.5671
-1.76224 9.68871
-7.60412 9.43538
7.70666 -4.43139
-2.92897 9.14861
-9.22912 8.59906
7.31412 -3.79593
-8.71168 11.1642
7.73319 -3.39105
-3.52067 8.97518
-8.1544 10.19089
-2.46296 9.12223
-2.66769 9.13532
-3.39741 7.0509
6.73108 -5.36652
6.9246 -4.26065
-2.39335 9.3993
-7.66285 8.17317
-9.83403 8.53834
-8.84902 8.97098
-8.45298 7.64804
-3.26436 9.356
-8.78942 9.45979
-8.73206 8.06471
-7.36667 9.21741
-2.86865 9.90159
-9.77001 9.97003
-2.01136 9.14212
-3.17866 9.79024
8.45663 -4.05645
-7.53695 9.33293
10.0157 -3.71301
-6.3708 10.01189
-7.49719 8.81982
-6.56557 9.14347
-3.87666 8.84651
-7.56605 8.10503
9.59753 -3.79912
-2.35103 7.53698
-9.82948 8.35455
8.47766 -2.61904
-9.08655 7.66285
-2.16724 8.9955
-9.00841 9.61387
-4.119 9.56126
10.09298 -4.63816
6.48029 -4.50625
-8.35002 9.15719
9.24522 -6.28456
9.33671 -4.61044
-2.25947 7.90803
-2.67181 9.04087
-7.57124 9.90117
9.38093 -4.66034
-3.93143 10.52508
9.36881 -4.98643
-6.23794 7.62154
9.51094 -4.01527
-0.50023 9.14899
10.38003 -3.96138
-2.16184 9.98308
-1.25499 6.63734
-6.98867 9.12677
-1.94517 11.77519
-9.04786 7.78485
-3.13091 7.385
7.70836 -3.07265
-0.75024 7.36036
7.69512 -4.2371
8.16929 -3.39007
-7.38529 10.10166
8.30243 -4.13872
-7.50441 8.09763
-4.40124 9.04621
8.6308 -4.51479
9.17828 -5.26676
-2.95095 7.92669
-3.94219 8.64763
-9.9959 9.01566
-7.82936 8.21089
8.82274 -4.5756
10.66525 -4.06518
7.40243 -4.29155
-3.5212 9.03822
-3.37103 8.76088
-2.83608 8.09129
-2.79326 7.71625
8.94703 -6.24606
-1.39057 7.61812
-2.72682 10.33835
-8.46219 8.48347
8.74905 -4.40049
-7.14379 9.73834
-9.41377 7.5542
7.78142 -3.48964
-2.22666 7.96001
9.46141 -2.99801
-2.63101 11.43398
-2.15895 8.66007
-8.50183 9.61895
-8.17287 8.15438
-2.16326 7.66923
-8.18562 10.90586
-8.70559 8.4758
10.39453 -2.27955
8.74221 -6.39308
-7.80265 10.81927
0.03327 9.66751
8.91365 -2.92285
-7.9229 8.66234
8.74134 -3.55147
8.34945 -3.16822
-2.53757 6.69921
9.19349 -4.59346
6.55849 -3.15723
6.92147 -3.83633
-9.12515 8.45593
8.58102 -5.32803
-7.80691 8.53721
-8.57996 9.22998
9.34771 -4.477
-10.06461 10.89923
6.91429 -3.45327
9.21715 -3.48581
-4.2665 9.69186
-8.56507 9.1023
10.56852 -4.1511
9.42602 -4.79002
9.38192 -3.80295
-3.25329 7.75764
-7.21878 9.45759
-8.354 9.25291
-9.31168 10.09129
7.93375 -1.58132
-5.99793 8.0687
-2.67495 10.17657
-2.62699 9.03799
-9.03051 11.04904
-7.31661 10.04386
-8.21605 8.29675
-7.48424 9.57372
-3.81518 7.25616
7.54801 -3.49797
-6.85333 9.25509
9.25487 -3.57296
-9.13338 10.22129
-2.46028 9.51233
-8.23831 10.13864
-8.17818 8.37748
-7.66714 9.63248
-9.44947 8.03318
-3.23373 7.91286
-2.34414 8.29895
-9.79409 8.82583
-2.45198 8.36372
-8.36563 7.54167
-1.89232 7.95299
8.80094 -4.20777
-8.28008 8.03835
9.40744 -3.49496
8.511 -4.02957
8.42957 -4.2653
-7.48784 7.86502
8.57167 -5.91448
8.58406 -4.45781
9.81408 -6.46655
-3.39753 7.42639
8.6669 -4.79387
-2.44835 8.63506
-0.76055 8.30134
9.44415 -3.79126
-1.38711 8.9363
-1.83678 8.80487
-10.57253 9.71521
9.07966 -2.87239
-2.25284 8.88219
7.89434 -4.4195
8.47486 -6.13907
-0.36373 9.53118
-1.78109 10.53292
-7.65277 9.95884
-1.38697 8.00519
-7.48607 8.53023
-2.64897 9.97882
-7.36311 9.21943
10.27346 -2.92647
-9.12363 9.08666
-9.41039 7.52731
-3.44268 8.04406
-7.56379 11.52798
8.57369 -4.60137
-7.83545 9.73856
10.19647 -3.22478
-9.03918 8.17671
-9.4967 6.99651
-2.20591 9.77972
8.73713 -5.07372
-1.43743 9.58593
-0.78604 7.18666
9.40041 -3.49929
-7.78634 10.86511
-1.71731 9.34372
8.38285 -5.44147
10.39282 -4.5607
8.6333 -4.64838
-4.09591 8.39192
8.33081 -6.29209
-2.38516 9.54527
-3.04186 7.93266
-2.12959 8.59653
9.48028 -4.10281
-3.93282 7.4026
-1.28718 9.10939
-2.59456 8.78562
-2.3501 8.23617
-2.77692 9.95383
-1.85399 8.26797
-3.2284 10.50361
9.44823 -3.14875
-2.70502 9.14799
-3.71047 8.54752
-3.03513 8.32567
8.71779 -3.05578
-9.33381 9.705
7.33953 -4.78288
-8.52187 9.0302
-2.45324 7.36772
-7.52844 10.20588
-8.86205 7.81076
7.92814 -3.97087
9.15531 -3.36516
-0.35003 9.37447
7.52052 -3.36225
7.93128 -4.35225
-2.21189 8.65907
8.63554 -2.74337
-7.52722 10.13873
9.33681 -4.19946
-3.33379 7.07879
-7.40427 8.43987
-7.75439 6.84892
-8.72268 9.16803
9.81586 -2.39763
-0.31025 5.98716
-8.93784 10.45082
9.26089 -3.92318
-3.57299 9.27825
-8.45196 10.37042
-1.91915 8.70839
-3.09564 7.37018
-8.17094 8.72674
-8.98786 8.55605
-8.29187 9.16049
-1.40237 8.50706
-8.46517 9.4473
-3.89829 7.56247
9.54987 -4.44105
-8.79905 10.97944
9.60458 -4.58067
8.37716 -4.81398
8.94363 -3.85165
-4.03471 9.00402
-8.84688 11.02527
5.81619 -3.6111
-0.55063 8.86698
-7.57795 10.64753
-2.1223 10.09376
10.17845 -4.95412
8.71259 -4.50673
9.27688 -3.25967
-7.9713 5.85568
-3.7017 7.81924
9.24238 -4.71785
8.66462 -3.46497
-3.55161 9.62074
-10.34338 10.97886
5.83253 -4.73807
-3.57493 9.8809
9.28339 -2.74135
9.56014 -2.49939
-8.05644 8.96353
-8.02133 9.46101
7.57288 -2.43306
8.43901 -4.47229
-6.3929 8.42625
6.7265 -4.46535
8.32815 -6.47081
-7.43203 7.82278
-2.06978 7.39156
-1.94186 9.37671
-1.7279 9.1717
8.8691 -2.44092
-9.60505 9.77855
-7.45459 10.98446
7.11121 -3.1157
8.56293 -5.29813
-1.94995 6.73493
-8.91268 9.07937
-9.66595 8.42219
9.60457 -5.2083
9.32753 -3.56379
9.23109 -5.23375
-7.04635 9.48136
8.26372 -3.84737
-6.02518 7.77853
-9.49367 9.66644
-9.31006 8.50189
-3.01157 7.65614
9.62545 -0.67131
-7.34458 8.24299
-2.96056 7.906
-2.04087 8.14775
-2.35228 8.61191
9.95032 -6.00323
-2.46933 7.42851
-2.72106 7.39903
-2.15729 8.12554
9.34179 -5.10637
-2.60695 8.42329
-3.93027 9.0939
7.71287 -2.31202
-0.53829 9.97991
-3.60001 10.17281
10.86987 -6.57971
-3.35163 8.94644
-2.19564 8.24455
-7.86775 9.96715
-7.32088 8.45795
-8.14275 7.21799
-8.17196 8.26316
-9.00841 6.55176
-2.28475 11.17828
-2.2366 8.40332
-2.27798 8.08084
-9.84781 9.9268
-7.41665 8.40802
-10.09598 9.46268
7.81267 -4.29762
-2.75728 8.37422
-8.14227 8.23761
-2.98101 8.09512
9.11146 -2.47978
-9.33165 9.64912
10.19717 -3.91278
-7.50471 7.40808
-1.78579 9.04382
8.31166 -2.30208
-3.69442 9.51669
-7.6331 9.1224
-7.74514 8.66461
-3.46529 9.42046
-9.47481 9.00093
-6.81017 7.67659
-7.59409 9.62357
9.40729 -6.07567
-8.6161 9.1912
-6.81091 10.76381
9.52269 -3.33948
8.83113 -2.69436
-3.13854 8.09419
-2.13816 7.98291
-5.06296 10.74331
-9.0577 9.09914
-2.37914 7.94597
7.6968 -5.03863
-2.42408 9.30546
-9.55059 9.63774
-8.57214 10.67198
-3.21748 9.53268
-2.55812 7.97363
-7.0539 9.81678
-2.79276 8.71156
-1.98496 7.73259
8.74136 -4.74621
8.02088 -3.78441
-8.03329 8.33423
-2.7926 8.55261
-1.88593 9.31986
-9.79888 10.21646
-8.90361 7.73491
-7.69969 9.53526
-3.60223 7.59507
-8.1332 8.71951
9.28756 -4.85628
7.25076 -3.99574
-7.31654 8.95739
-3.60971 8.08628
-7.68412 8.57049
-6.91019 6.8613
-2.61468 9.05362
-9.08373 8.29152
9.1051 -4.35022
-0.3237 8.1314
8.55283 -3.86681
-4.55098 8.8386
-1.92466 8.30702
-2.62085 6.90357
10.01468 -4.10795
-2.92572 7.59704
9.46955 -3.43789
-8.23022 8.22231
-9.23635 9.84246
-8.03827 8.81673
-3.21683 9.12148
-1.0918 10.56255
-8.4988 9.71721
-8.42234 9.43269
-8.93464 8.03703
9.50191 -3.86115
-7.69347 10.36976
8.08919 -3.37398
-3.79752 9.96643
8.91576 -3.0411
-8.46383 10.47803
-9.01429 9.60541
-6.03224 8.79193
-8.21851 7.90142
7.52724 -2.67571
-8.746 8.33609
-3.42611 9.89124
8.33759 -5.03098
9.01086 -2.96343
7.15244 -5.36827
-7.07376 7.9964
-1.77519 8.18042
-7.37058 8.04059
-3.13802 8.75401
-7.92387 6.79767
8.09372 -5.20627
-1.98464 10.84301
8.61762 -3.86054
8.50243 -4.19647
8.29157 -2.99766
-1.92245 8.94192
-9.57891 9.03033
-7.9765 9.63638
-2.83506 9.73194
7.95616 -4.78282
-1.89455 8.30555
-3.8056 8.80022
-10.28822 8.49461
9.28569 -3.12414
-9.17087 8.79786
-4.17324 7.9733
-0.26993 8.36213
7.72072 -4.88059
-2.27687 8.90468
7.77376 -4.52724
-6.71501 7.5463
-3.45259 8.7594
-9.5336 10.43313
-9.60949 9.19587
-7.26385 9.37186
-3.67618 7.32206
-6.69895 9.57143
-1.43816 8.19667
-3.19356 9.64212
8.0208 -4.7341
-8.26696 11.18111
-4.17528 8.25729
-6.49672 8.11118
8.93751 -5.44233
8.6742 -2.11634
-2.97644 9.23663
8.955 -5.21385
-4.37879 8.66662
8.13825 -2.60825
-8.80293 8.49141
8.21432 -2.15009
-6.63067 11.46902
-9.23133 9.09509
8.75698 -3.6277
-7.95297 9.34321
-8.24032 8.2684
-6.74989 8.33115
-7.36106 8.90285
-1.98005 9.49302
-9.54728 8.27962
9.38689 -4.48657
9.92782 -3.65968
8.61803 -3.33484
-3.76583 7.4535
8.39096 -4.6078
-3.51775 9.09857
7.98264 -2.9496
7.55654 -2.97035
-7.49299 9.20301
-8.21489 8.29591
8.74393 -2.00442
-2.7188 8.73093
8.81335 -4.86563
8.50246 -4.5462
-1.54492 8.81213
6.72146 -3.86562
-7.59598 9.34571
8.78062 -4.62789
-10.74724 8.95074
-8.68313 7.97958
6.255 -6.42515
-3.28962 9.84948
9.5641 -3.96311
-6.82082 8.97982
8.14922 -4.48884
-1.4999 9.12998
-1.80973 10.17016
-7.01287 8.35063
-8.47932 9.237
8.64459 -2.56688
-7.68434 9.77638
8.84038 -4.03903
10.59436 -5.07535
9.48603 -4.34603
-7.04335 9.70799
-3.44311 8.74463
-2.74856 7.99764
8.57922 -5.95437
-3.64888 9.98597
-7.82862 7.24182
-3.48023 7.34198
-2.1006 7.97013
-7.07845 10.05759
9.75999 -3.67338
-8.1606 9.6498
-8.52358 9.56544
-7.97442 8.97514
7.80134 -2.81003
-1.51935 9.44337
-7.70916 7.74274
-3.45973 7.35081
-1.92441 7.0151
-7.54162 7.11279
-3.18886 8.66869
-1.18351 10.04894
-2.45401 7.71379
-5.80865 8.27221
-4.02345 7.60908
8.96326 -1.87703
-2.03676 8.46865
-3.45134 9.26589
9.41258 -5.63322
-0.91485 9.11868
9.26931 -3.97735
-2.61221 9.65502
9.22555 -3.98875
-6.90037 10.66815
-8.88794 6.71959
7.43113 -5.87647
8.46005 -4.99095
-3.12972 8.69015
-8.18435 6.03527
-7.78938 8.57063
-6.40077 8.00909
-2.35224 8.95263
9.10033 -4.17859
-7.48028 10.07924
-2.14403 9.73532
8.20973 -4.21053
-6.84283 8.85911
-1.0607 9.47792
-9.21207 10.40018
-8.48014 8.88792
-7.34901 8.56532
8.39754 -2.29682
-9.10293 9.76363
-0.93403 11.67071
8.42301 -5.03573
-1.5474 10.39234
8.22282 -4.25953
-2.21924 9.75903
-8.13805 8.76116
-4.18616 9.3915
-7.73023 8.63214
-8.79998 8.87484
9.07868 -2.6946
8.99454 -3.20291
-8.00638 8.01423
10.37002 -5.05555
-1.98569 9.95689
-7.27477 9.01101
-2.53303 9.66662
-7.78472 8.38268
10.23239 -2.56455
-7.04694 8.90908
-1.65725 9.19563
0.04998 9.50483
-1.51949 9.32827
-2.77224 10.21157
-6.56228 9.6363
-8.38832 8.30668
-10.08397 8.61176
-7.21083 9.65994
-2.68706 10.64834
-2.8103 8.70304
-8.74159 9.5263
0.11746 8.62043
9.45538 -2.87246
-8.39967 9.17956
-7.11689 6.76838
8.17983 -2.64207
8.36547 -4.41761
8.74066 -6.68562
9.66502 -2.98239
9.96071 -2.53182
-2.72127 8.31313
-2.07074 8.58192
-1.75097 9.57955
-8.13306 7.71052
-3.92097 9.13475
-1.82742 7.69996
-1.93883 9.01575
-7.65992 8.7352
-0.63929 8.59603
7.38914 -4.39948
8.42941 -4.01179
9.35021 -4.79729
7.672 -3.41456
9.99986 -3.37399
6.67026 -3.49982
-2.40226 8.00737
-8.89946 8.5531
-9.88266 9.00832
-1.59116 7.96204
-6.94262 9.66318
-10.20217 8.82762
-4.13836 9.24859
-1.5586 10.52968
9.05032 -4.22941
-7.1819 8.17179
10.27111 -4.12567
-3.62941 9.06775
-8.36152 9.74379
9.08632 -4.73564
-2.22951 7.99886
7.39951 -4.79955
-9.73939 8.56678
7.92978 -2.75128
8.71779 -3.84708
-1.6849 8.97199
7.56073 -5.97315
-3.34394 10.62063
-1.70371 9.51876
-6.791 9.92665
-3.3092 8.58165
9.2516 -5.24525
-7.45093 8.12436
-1.74324 7.92719
7.4741 -4.6988
-8.24118 7.81692
8.67897 -3.45473
7.3764 -3.34476
-3.69251 7.51783
9.31046 -3.48746
9.26822 -4.4427
-6.87257 8.49534
-2.33116 9.40413
-1.10488 8.35742
-2.32026 8.37335
9.42858 -5.35964
-3.45135 10.39988
-3.20817 7.85298
-0.95328 8.48337
9.76037 -3.70735
-8.43047 8.39978
-2.11175 9.06248
-8.76855 9.5634
-7.73091 9.59073
-11.79065 9.52416
9.81579 -3.90142
-8.65969 9.19641
-7.34744 9.01609
9.61052 -5.50675
-8.04033 7.50709
-2.30576 9.24351
-2.49355 9.25263
7.96993 -4.2872
-3.27497 8.92293
-8.26027 11.66044
8.67205 -5.72805
-7.96314 8.78291
7.36922 -3.87979
-1.87441 7.57687
-1.4905 8.05308
-1.21807 7.10592
10.502 -3.78155
-8.85825 9.46222
-7.57886 11.27486
-8.14511 7.28013
9.45499 -3.37392
8.93995 -3.61547
-8.91667 8.57322
-8.48813 8.20261
-2.25183 8.61365
-1.9077 7.93432
-2.20153 7.96613
-1.71588 8.14445
-5.18209 9.57007
-7.54654 7.87673
9.54167 -4.05323
8.24818 -4.03665
9.26058 -4.57929
9.04721 -3.00333
-3.99009 10.22503
-0.62462 10.31136
7.08725 -4.11797
-7.41848 7.09703
7.58235 -4.51318
-8.98473 9.64791
7.52192 -3.59385
-1.74262 10.17194
-10.13295 10.29693
-1.67415 10.72324
7.66294 -4.55599
9.31608 -2.60347
-7.98163 8.73401
-2.53707 10.11106
8.25863 -4.6336
-9.33323 7.7298
8.43416 -4.08605
-2.90717 8.79079
-10.12133 11.11574
7.43105 -4.75477
10.01256 -4.93491
-8.33634 5.6761
7.28137 -4.3435
-4.04122 10.5128
-7.63422 7.93268
-8.47161 8.87347
-8.45304 6.8515
-8.40366 9.42082
-1.41327 9.96413
10.43274 -3.29166
-8.40342 9.27555
8.16085 -4.05512
-6.93649 9.87216
9.16905 -4.33995
8.97481 -6.24699
-8.42543 9.82994
-6.90149 9.11807
8.12877 -4.73868
-9.4418 8.83672
-8.61933 9.71398
8.05046 -5.26004
-7.64158 7.77545
-7.54503 8.31716
8.13613 -3.94458
-2.48813 10.16365
9.01236 -3.3791
7.82599 -3.4976
8.75404 -4.87817
-2.04345 9.6781
-3.81336 8.54545
-1.26632 8.70273
-9.26152 9.4937
-7.9609 8.12644
-8.18182 11.09335
-1.02838 8.65357
-3.42068 8.46395
-11.06467 9.92303
-1.97631 9.12504
10.09028 -3.97553
7.52687 -3.88416
8.09632 -3.63924
-7.32825 7.33846
6.95108 -5.89739
-2.12252 6.96951
-1.61654 9.40014
8.24276 -4.07083
-6.96311 7.68259
-1.91698 8.20772
7.56557 -5.39364
-3.17575 8.63637
7.79406 -1.91038
-1.313 9.3895
7.3223 -2.99673
-7.70612 8.89947
8.40893 -4.54388
8.85963 -3.81368
9.29046 -4.41087
-2.86466 8.02976
7.98752 -2.48275
8.0987 -3.84516
-8.85561 10.09994
-0.7451 8.78691
-2.27996 9.59577
7.85251 -4.29181
-3.88847 8.2277
-8.27798 10.10129
-8.69754 9.52257
-5.99216 10.55759
9.36214 -3.86949
7.69012 -3.75575
-1.92868 9.47634
6.59191 -3.65796
9.13434 -2.71803
-7.51744 8.43709
-7.95702 9.16093
8.931 -2.24403
-6.59041 7.33765
9.47579 -3.89987
-7.1036 8.26481
-1.51654 8.653
6.17972 -4.74224
-4.39824 7.5972
-8.02514 8.22109
-2.1103 8.27172
7.65179 -3.2614
-1.99544 8.59331
-1.09547 7.71553
-8.32291 8.4007
-1.60727 8.61358
-2.3898 9.25079
7.85773 -3.07992
-2.66802 10.40938
-2.0569 8.17113
7.17925 -4.70629
-7.52135 8.84578
-7.18888 10.54262
-8.61571 9.18036
-3.84816 8.89125
-2.25415 7.92685
8.20369 -3.76645
-2.2334 8.92431
-8.68941 9.66385
-7.79162 9.30251
-2.50359 9.09569
9.08946 -2.21513
6.03053 -2.54338
9.69901 -4.55122
-8.29447 9.65176
-8.63241 8.44959
6.93436 -2.6793
-3.43501 7.62659
-3.3776 6.25702
-7.61393 9.20318
-2.71384 10.02823
-1.69203 7.59852
-3.0836 7.43221
9.00733 -3.45465
-8.2598 8.47425
9.78252 -2.61805
-5.85912 8.29172
8.26061 -4.24938
9.38349 -3.66422
-3.08135 10.52295
-9.57499 9.6308
8.54179 -4.19499
-8.68237 9.41839
9.86239 -3.96005
-9.18116 10.20841
7.77218 -1.78493
-9.03472 7.32607
-2.41199 8.04414
-2.28112 9.49937
-7.43485 8.97465
-1.11601 8.85813
-1.98868 10.07102
-7.12453 9.56917
8.74737 -5.32038
9.44849 -2.35983
8.965 -2.9938
-7.7727 8.44989
-3.89665 8.38024
-8.93208 9.16509
-9.20569 8.52459
8.26166 -4.85546
-3.88177 9.22092
-8.561 9.22909
-2.7948 9.4862
9.8279 -2.48767
9.23369 -3.84103
-8.90844 8.5782
7.35343 -4.08387
7.71314 -4.652
-8.73061 9.25815
-2.22083 9.48495
-3.59518 8.66164
8.00423 -4.20125
-6.78171 8.23162
9.01552 -4.23397
-2.63506 5.24667
-8.35766 8.29744
-8.55058 8.76462
-7.90917 8.89635
9.30438 -4.25226
8.74966 -3.69986
9.7996 -3.72601
7.08243 -3.92971
-6.80305 10.85812
8.79906 -4.07365
9.00397 -4.05114
8.25069 -3.96087
-10.30414 7.65744
-8.091 9.20965
7.17127 -4.43445
-2.80904 9.04828
-1.04909 9.04603
-3.25594 9.51371
9.36897 -3.5262
-1.70986 7.18618
-3.78539 8.76998
-7.21478 8.92355
-1.17359 8.99301
-1.21934 9.52572
0.33782 7.57521
-7.81767 9.30302
-4.15145 8.18203
-2.97413 8.57591
-8.2331 11.66321
-3.49059 9.44575
7.55886 -4.26048
-8.43452 9.76702
-3.13459 8.45454
-7.46232 9.30906
7.56668 -5.57015
-8.24803 7.8623
-7.34984 8.73557
9.11708 -3.15426
-6.89127 8.717
-8.65097 9.317
-6.88409 10.43929
-8.37825 6.96672
6.18007 -5.1874
-1.83217 9.76768
-2.77151 7.06138
-3.44952 10.50881
7.62997 -4.069
6.89833 -3.37313
8.74914 -3.02413
9.12689 -3.25137
-2.17067 8.49828
8.55418 -5.68786
-10.06243 7.79516
-9.47715 9.8317
9.26301 -3.93975
7.59868 -4.73153
-8.60201 8.63917
8.57906 -4.91821
-8.02091 10.4618
-7.89375 9.12021
-8.69475 11.19212
-8.30814 9.16503
7.70911 -6.03771
8.22551 -5.00622
9.85989 -5.60557
8.5744 -4.11817
10.22605 -4.59275
9.57291 -5.43673
-11.04566 10.70227
-8.68119 10.07254
-2.56254 10.61458
6.86635 -3.33783
-1.56105 8.3857
-8.58891 8.5953
-7.21553 7.93577
8.48959 -4.4169
-1.33626 6.35356
-2.76738 9.17934
-5.4317 8.32706
-8.56305 7.85079
7.59684 -5.35927
-9.06169 9.76665
9.3305 -3.85695
8.35075 -1.01274
-8.35331 8.32463
-9.98235 8.83478
-3.82105 8.98532
-2.65277 7.3259
-2.0727 8.81773
-9.10682 8.95232
-9.66764 9.56063
-7.43284 7.16224
-8.36518 8.29953
-8.57846 8.5441
9.66501 -2.33689
-7.8461 10.99362
8.95032 -4.52382
-7.6009 9.52287
9.73934 -3.70222
8.17301 -3.98464
-8.40563 9.44768
-3.59478 7.3195
-3.14518 9.43219
-1.75309 8.52424
-3.19901 9.26785
-9.11205 7.48624
8.39162 -3.95592
-0.94387 9.59311
-6.98735 11.32055
-8.01201 8.94801
-5.94531 8.16748
7.27923 -1.99076
-1.87486 8.42412
-2.03148 9.77731
-5.94684 9.04
8.39804 -6.80632
-1.7201 10.01529
-2.21733 8.6237
-7.27417 9.63146
-2.93032 9.36625
10.49366 -3.22826
-0.77915 7.36793
-2.60887 9.43363
-4.69501 6.89426
8.6788 -4.95068
-7.94058 8.72378
9.40387 -6.25484
9.47449 -3.73955
-1.1509 9.46027
-2.61681 8.23552
8.70034 -4.5148
7.59365 -5.0706
-2.25212 8.64535
-7.20226 9.5526
-2.2624 6.68285
8.86271 -4.67715
8.34592 -4.91468
-2.11586 8.37247
9.47836 -4.77449
-8.63445 8.42263
-9.79905 8.77437
9.01198 -2.55751
10.86812 -3.82795
-7.42593 7.38028
-8.56935 9.48409
8.71556 -4.65973
-8.09613 9.44599
9.43406 -5.13238
-7.24591 9.76156
8.67832 -3.70224
-1.74433 7.41606
-2.90579 9.90658
8.25022 -4.2177
-7.21387 8.32564
8.51184 -4.6671
-3.45685 8.1823
-2.70064 8.60123
-7.54587 8.33764
-8.10614 8.42012
-8.43147 8.93854
8.97589 -2.41483
-1.78993 10.12512
-1.0105 8.8818
-2.96462 9.88631
-2.47184 9.2589
8.56465 -3.63835
6.52091 -3.19855
-7.29882 8.55643
-8.13628 7.7915
-0.79851 10.07041
9.71574 -4.29642
-2.45098 9.89086
-8.55947 8.51076
8.49274 -3.1646
-8.06429 8.52402
8.064 -2.27759
-9.31606 9.02668
7.91658 -4.92641
-2.66322 8.47844
8.85322 -3.96243
8.92317 -5.14198
-1.7902 7.9703
7.61108 -4.64663
-8.94447 9.31903
-9.0268 11.30949
7.2552 -2.67581
-8.05893 9.90645
-10.18922 8.37044
8.9074 -6.2452
-2.4847 7.44572
-2.43411 9.27825
-7.89577 8.13662
-6.89114 9.45054
-9.93299 9.53482
-8.1231 9.71122
9.36179 -4.67562
-1.76079 8.73922
-9.17363 8.81205
-1.51548 8.53063
-8.35729 6.10515
9.09505 -2.5161
-1.09929 7.8843
9.21758 -5.4814
-2.75134 9.49841
-2.3678 8.1045
8.1146 -5.13904
-7.53815 9.89719
-8.20593 7.89027
9.0186 -2.64904
6.85608 -4.85164
-8.48836 9.01664
-8.4423 9.72384
9.24219 -2.48468
-7.28655 7.88199
8.41175 -3.20372
-6.33922 7.86135
-2.27422 10.85575
-3.63003 8.52916
-2.56007 7.30993
6.83173 -4.20759
9.20029 -3.70251
-5.30113 8.09842
-1.39867 8.92059
-3.65904 9.32384
8.92408 -3.28473
7.41378 -1.20236
9.01814 -4.54985
-0.96688 8.68676
-7.87209 7.68803
-9.75077 7.50483
7.97277 -5.68138
-1.78534 8.19574
9.23689 -3.58538
-3.08458 9.11653
-1.56475 8.71028
-6.6436 8.88737
5.851 -4.95376
8.50817 -3.47959
-7.86028 10.57268
-2.64243 9.13285
7.52267 -4.54424
8.77524 -5.19604
0.20064 8.30462
10.49497 -5.13298
-2.88588 8.28003
-8.50179 8.08352
7.76193 -5.2005
-1.05079 9.59986
7.85376 -3.7517
8.84801 -2.81077
-6.96185 8.68101
-2.46198 9.42673
8.54436 -3.0564
-7.24568 9.53128
-6.92345 8.28982
6.9821 -3.32967
6.72183 -3.41008
10.75752 -3.67435
-1.87696 9.64444
8.71685 -3.53562
8.01826 -5.22779
-1.679 8.70792
8.37734 -3.46152
-1.3707 7.79689
-8.0095 9.09841
-1.69601 8.54635
-8.26002 7.85337
-3.66877 9.74601
-8.38309 8.54812
-1.50848 8.30145
-1.21062 9.61146
9.65626 -4.46273
9.09429 -2.74564
8.59333 -5.90614
-2.85877 8.91814
-8.0171 11.63317
-2.60177 7.43149
9.11058 -3.49285
9.79549 -4.62062
-7.57713 9.43658
-2.68267 9.48036
6.93762 -3.789
8.82472 -3.00547
-7.79382 9.05883
-6.02572 9.60587
-8.21184 6.70536
-3.08171 7.38223
9.71872 -3.88436
10.00869 -5.80727
8.29443 -3.03688
-8.44737 10.25828
8.42156 -3.24333
8.61013 -6.27934
-2.47007 9.14978
8.35447 -2.05697
8.15722 -3.98955
-7.47169 10.80473
6.9769 -4.43506
-3.675 8.14192
-7.6464 8.38953
-1.19421 9.20081
-3.73341 10.16929
-2.30849 10.75157
-3.48641 9.05247
7.44098 -2.16196
-3.84906 9.92923
-7.56104 9.67994
-8.92066 9.35876
-2.84195 9.78887
-2.53523 8.35811
-0.35454 9.37531
-9.31793 8.22011
-3.51356 10.91373
9.37081 -5.17592
-6.93165 10.33301
10.11974 -3.2086
9.24456 -3.65445
-3.16687 9.06741
-6.12169 9.15894
6.73421 -4.66651
9.19912 -3.60788
-8.73197 9.81718
-2.74338 8.51013
8.66907 -4.02419
-2.258 8.6651
-2.14927 9.33506
-6.26914 10.70529
-7.29825 9.91864
-7.8513 9.52522
-7.80082 9.30932
-0.99715 8.90029
-8.55775 8.70699
-0.66581 8.68167
-1.51581 9.58946
-2.58516 8.87344
7.78933 -4.97845
-7.3584 8.00056
-8.71247 10.48386
7.86259 -4.15137
-6.15494 9.20262
-3.07206 10.35329
10.15631 -5.38593
7.79479 -4.08907
8.07334 -4.18405
-7.92214 9.72136
-7.86244 9.85284
10.19672 -5.82364
-2.29445 10.00092
-2.5083 9.94175
-2.56435 7.50277
-1.91584 8.77981
-7.69867 8.09337
-7.89876 9.0246
9.98001 -6.08363
8.01415 -4.91183
7.63077 -3.50866
-2.0397 10.02317
8.14952 -4.44681
-8.67426 7.5143
-7.31565 7.38903
-8.05602 9.90573
7.31293 -2.33767
-10.46016 11.28819
-7.7489 9.11282
8.77566 -4.50955
8.665 -4.82171
-8.70942 10.67313
9.08457 -5.60485
-4.66673 9.51988
7.06189 -4.96832
-7.83309 9.67343
10.64656 -3.75087
-3.59202 9.17407
7.97394 -3.58257
-4.06622 9.36527
-9.66626 9.69863
-2.26151 9.26622
-6.75977 8.03905
8.38364 -5.28657
-9.8081 9.43803
-1.02094 7.53845
-1.11912 9.20443
8.74982 -4.63403
9.0093 -4.50551
7.76968 -5.17249
-3.54619 8.36602
-6.23099 10.1008
8.13156 -4.79407
-7.56692 8.6518
-0.62017 8.1377
10.71237 -1.84195
-9.96074 8.73946
-0.72366 8.88235
9.19057 -4.01988
-1.98525 9.2366
-6.90061 10.26031
-2.5016 5.96442
9.63709 -3.97588
-1.4845 7.92908
-7.00676 9.57136
-2.6759 7.85706
9.19968 -2.24184
-7.79976 9.5204
-4.03736 8.449
8.48266 -5.94053
7.44803 -4.05679
-2.03955 6.42732
-2.76903 9.12841
-1.8089 6.96219
-8.46268 8.8217
-4.05521 7.31876
-7.86538 10.35201
-3.47531 10.5788
8.32959 -2.03024
-2.52432 8.55079
-9.96517 9.87578
-1.70868 8.70554
-3.681 6.64633
-7.947 10.27257
8.39254 -3.99159
-8.96731 8.25536
8.35429 -4.66361
9.57961 -4.4361
9.35123 -2.92934
7.54111 -5.20153
-4.28285 8.9025
-1.35184 9.14959
9.1092 -4.91252
-4.29862 9.62978
-9.55622 9.46766
-9.25452 8.29594
-2.61493 6.94489
-7.07328 9.0643
-6.00025 9.78565
-7.6756 8.67752
-4.80805 9.17209
-2.26622 6.82675
-8.32474 8.83643
-2.3821 7.91609
-9.24659 9.94235
-1.12247 6.96686
-1.66 9.89797
-8.50029 9.34857
-8.81376 9.97031
-7.05108 10.25122
-7.02562 8.87741
8.29162 -4.23842
7.02954 -4.67258
-3.04568 7.82724
-3.82022 9.16886
-7.93605 9.11781
-1.18621 9.71946
-2.16717 9.62236
-7.91483 6.62131
-7.58036 10.09297
9.14168 -3.8644
-3.60548 10.32105
-7.89379 8.42956
-2.20124 10.70666
8.65085 -3.9218
-7.6969 6.66732
-9.26461 8.7031
8.29329 -2.78391
-8.47076 8.19388
-1.89693 8.97481
-1.31203 9.1649
8.73543 -3.56814
10.08925 -5.72131
-1.53951 7.23335
8.8926 -3.99576
-2.80915 8.94724
-1.70941 7.13253
7.97916 -3.52171
-9.19415 9.42576
8.90149 -3.80553
8.01088 -4.25998
-9.22248 8.10043
-7.27665 7.96069
-10.11263 7.84493
9.08477 -4.81852
-8.62432 8.70627
-1.93064 8.05342
-7.83468 9.37425
-3.47924 9.17823
-4.00833 9.01666
-2.0745 9.50013
-7.92318 8.15401
-1.58013 8.40952
-8.98974 8.94971
-8.25489 8.80305
7.01442 -3.47227
8.77424 -2.26544
8.34161 -4.99205
10.442 -3.92203
9.49773 -3.84968
-1.69843 10.79643
-3.30849 10.80537
6.72313 -4.63817
-8.75461 10.71298
-2.36849 8.57709
7.41946 -5.55866
-8.55594 7.16697
-2.90329 9.47454
8.63895 -3.94648
-7.22272 6.85059
-1.77845 9.62595
7.80136 -3.51871
-2.62031 9.98787
-5.97346 8.40379
-8.33796 10.98588
-2.67424 7.178
7.33535 -4.96667
-2.39391 7.06598
-8.40472 9.38011
-1.69743 9.28549
-7.32867 9.06951
-3.17188 10.01425
7.08414 -4.71841
-1.5715 9.86071
8.04995 -3.3592
-3.88905 8.13615
8.22794 -3.52811
-7.23388 8.02192
8.06197 -4.03195
8.76736 -3.12354
-0.95889 9.49799
-2.60996 9.47365
7.93109 -2.71701
-3.38156 10.04865
9.99475 -4.87809
8.95084 -3.60766
9.3603 -3.47781
-6.73265 8.58968
6.92819 -3.91419
-2.58734 9.02829
-7.5273 9.24272
7.6071 -4.39203
-1.56902 6.65689
-0.39796 8.52238
-2.6316 8.73621
8.7856 -2.57576
9.33485 -3.79453
7.5797 -4.0811
-2.12874 8.64522
-3.02054 7.37521
-2.71187 6.5076
7.41491 -1.92699
-8.3634 8.96815
9.39906 -3.42149
9.1723 -4.93507
-2.86291 7.47625
-6.43498 8.28672
-2.75165 9.53703
8.51214 -5.13367
-1.48983 8.22236
8.83499 -2.37028
-7.74538 9.09318
-2.49624 7.85178
-8.98341 9.53223
8.49999 -3.49629
-7.26971 10.03196
8.73044 -4.31305
-0.58457 9.1409
-7.17954 10.08578
9.30583 -4.58762
-2.6134 9.06408
-7.8623 8.47573
-8.16669 8.33109
9.09441 -5.2142
-7.51223 10.73986
-8.43078 8.82238
9.02177 -3.52272
-3.9204 8.48495
-9.18641 9.0302
-7.9313 8.75328
-7.68094 9.08699
8.64293 -3.1921
-8.89836 8.48845
7.57014 -5.02158
-6.89409 8.39787
9.84753 -4.26116
7.53448 -3.91001
-2.65189 9.98294
7.60152 -4.81322
-2.24542 10.08946
-1.39074 9.00498
-3.42026 9.72629
-9.03005 9.99323
-8.15413 8.32411
-6.24454 8.4319
9.85157 -1.94267
-8.76899 9.70142
10.01686 -3.92447
-9.92212 10.69494
-1.73584 8.84486
-8.40732 9.95104
-3.91037 9.2249
7.5305 -3.14831
8.59834 -4.2724
-9.46484 8.44239
-10.9381 7.99294
-1.97892 7.18488
9.55424 -4.1736
-2.95757 8.99212
-2.00674 8.55598
-6.79607 10.23253
-8.07438 7.91512
-9.4591 8.56298
-9.41859 7.8006
-1.83792 10.45711
-1.94931 9.6167
-1.46774 8.04078
-7.73946 7.66527
8.01423 -2.27091
7.53178 -3.88763
-4.77955 10.78312
-8.34159 8.70729
-1.98833 9.29073
-8.86989 9.30468
-6.01448 8.67499
-7.71548 7.70476
-7.99973 8.07953
-9.95118 8.72992
-10.21515 9.2132
-7.62404 7.74203
9.54379 -5.4116
7.94508 -3.80235
8.17613 -3.55011
-1.65491 9.3757
-2.72951 6.89335
7.75526 -5.27313
7.91477 -4.659
7.42489 -3.48524
-9.20292 9.53544
-2.21888 8.41063
-3.09462 8.3613
-3.50274 7.12814
-8.12019 8.91084
9.3759 -4.4356
-7.3557 11.2785
8.20474 -2.66068
9.34663 -3.144
-3.4436 8.99227
-9.88572 9.16416
-3.00279 9.63484
-8.15545 8.88839
7.63352 -4.99752
-9.07731 6.8717
10.01382 -3.30983
-3.03746 7.45655
-2.21621 7.90424
-2.82336 9.6006
-1.51767 7.25042
-4.04446 8.4248
9.15265 -3.47041
-1.07448 8.17394
8.04647 -2.01302
-8.90027 8.97318
-8.79038 9.09364
8.35875 -4.47827
9.8797 -4.55748
8.28157 -2.65225
9.11177 -4.85374
-8.85459 8.49538
7.25844 -3.92442
9.9436 -3.68347
8.87063 -3.51598
-9.19726 11.15333
-2.47755 9.19805
-2.51568 8.88851
-8.09851 8.25483
-2.96697 9.28764
-1.47036 9.41261
-2.08753 8.20526
-4.32618 8.64245
-4.14836 10.06477
-10.9643 9.97636
-8.11465 9.29501
8.01822 -3.04979
-9.93885 9.09861
-2.85209 7.70907
-8.23793 7.31063
-2.6738 8.97596
-2.68778 8.7035
9.66784 -3.36948
-2.81602 9.3038
-2.4662 9.08214
-8.27628 6.67378
-2.26887 8.95252
7.72302 -3.15988
-1.23766 9.49719
-1.02979 8.75513
-4.87832 8.28228
-2.55957 7.77048
-7.09681 7.60083
-7.63565 8.76342
-1.58451 7.60207
-7.47796 9.49028
8.2426 -4.47202
-1.68676 7.38601
-1.32738 8.60652
-3.68165 10.78464
-3.34327 9.5678
-6.80167 9.07888
5.73493 -5.88598
-5.79733 9.54132
-2.7836 8.78682
7.95731 -4.48153
-1.43018 7.31311
-6.5389 9.43062
9.14554 -3.50779
10.23447 -3.43517
9.53389 -4.61082
-7.71932 8.30006
8.73633 -3.74621
8.21515 -4.88022
-8.47245 8.65852
8.77431 -3.3263
-2.89447 8.4278
-1.77313 10.37572
-6.58353 10.43354
-3.12802 11.44114
-7.16433 9.17084
-8.73211 6.57615
-1.27638 8.12986
-7.95388 8.08148
-7.5416 10.05281
-1.73414 7.47636
8.184 -5.23065
7.88071 -2.68897
-9.09575 8.15856
-3.17569 8.89161
-2.08831 7.78738
8.94335 -4.94777
-7.60155 8.63207
-1.68772 7.81223
-3.2033 9.93125
-1.28095 8.77082
7.19713 -2.88364
-9.08066 8.24056
-2.60779 8.92681
-2.81396 7.62745
-2.57058 8.91927
-8.01896 8.0485
9.14264 -4.3196
-9.47541 8.46547
9.64693 -3.10293
-10.4 9.43331
-8.09652 8.981
9.90188 -4.30896
7.76254 -4.37546
-2.10567 8.34148
-1.33827 9.19789
10.54004 -2.83639
-9.12998 10.58576
-2.69975 9.43338
-7.89659 7.84636
-2.71122 8.70387
-2.95741 9.17502
8.93609 -4.33551
-1.62344 8.86629
-8.87698 9.22741
-1.67653 6.7876
-8.43596 9.44208
-1.92328 11.70499
-6.91525 10.63727
8.81283 -4.08037
-8.10866 9.65351
-7.87652 8.28367
-8.04531 8.8005
9.21633 -3.64799
8.73499 -4.55441
10.16461 -5.41712
-2.14032 8.8859
-8.26991 8.44913
8.0717 -2.8439
8.69102 -3.76703
7.16015 -5.37138
-2.89443 9.86075
-4.53553 9.34827
7.82427 -1.32061
-8.1205 9.35632
-4.24481 7.92513
9.56293 -4.89266
-3.00245 10.52724
8.05844 -2.92328
-0.89288 8.59444
-8.11138 8.7792
-9.89068 8.34278
-0.96712 5.39749
-7.52798 8.29293
-2.55962 9.32033
9.60123 -3.19109
-2.76139 8.27423
8.73185 -3.83103
8.67736 -5.23673
-2.5997 7.68219
8.21563 -3.23188
8.80939 -3.92043
-9.16366 9.11427
9.30252 -2.5977
-2.85855 7.93683
10.58978 -5.31204
-8.24948 8.08839
-1.15164 8.99748
-3.89681 8.57515
-3.13281 10.11463
-8.28607 9.00304
8.12862 -4.2232
7.57856 -3.97487
-2.55275 7.94825
-10.44921 8.6125
-0.44706 9.08111
-4.0573 9.87075
-3.48024 9.68327
-6.32699 9.98413
8.67742 -3.54918
-9.11957 9.75855
-4.8627 9.42824
-6.68753 9.83717
9.07753 -4.10153
7.41915 -4.2553
-8.85058 9.70753
8.7097 -2.13446
9.16874 -4.61836
-8.90835 9.50155
7.90851 -4.17336
8.31284 -5.09211
8.81479 -3.1176
-3.56294 8.4429
-7.49638 8.3063
-7.29554 9.09409
8.67087 -2.84421
-7.60487 8.00335
-8.79346 8.18457
-3.54012 8.52599
-0.67443 8.97018
-8.31714 10.41764
-3.10475 9.93726
8.16821 -3.34051
10.63653 -3.95018
8.21867 -3.85462
-2.56554 9.20551
-1.75162 8.27799
-9.09399 8.54062
-8.26384 9.25831
-6.17905 5.86649
9.98139 -4.73237
8.03709 -3.50121
-1.45821 8.258
-8.7277 8.86186
8.96328 -6.37323
-2.96492 9.158
10.08885 -3.35075
-4.09976 7.71403
-8.97097 8.05643
-9.08084 10.43559
8.54557 -2.26009
10.4036 -4.37911
6.51361 -3.83331
9.87131 -6.34715
-9.67995 10.5338
-2.89006 9.06836
-7.88626 9.69703
9.0625 -3.76714
9.14113 -4.41391
-6.28385 10.14677
-7.30254 8.50907
-8.61969 7.87225
7.66549 -5.19879
-8.17786 7.39882
-7.5463 10.16118
-2.14594 8.07234
-8.59694 9.29303
-7.45711 10.59321
10.46936 -3.27055
-6.47657 8.7878
-8.93587 8.56676
-2.48299 9.0733
-3.51234 8.90273
-1.73526 9.85029
-7.40064 8.79676
8.61369 -4.52855
-8.70175 10.26952
-8.53047 9.54157
7.26535 -2.99856
-1.42267 9.08579
-9.77465 6.62203
8.22387 -3.73262
-1.02055 9.2038
-4.2733 7.57633
-1.86363 9.79068
-2.95448 9.21955
-8.31223 8.76975
-6.40226 8.7166
8.40256 -3.13087
-2.88184 8.78872
-1.1131 8.90538
-2.5046 8.95751
8.60028 -3.29302
-9.09157 8.24424
-7.69763 10.62919
-3.1292 8.2628
-3.0423 9.22535
9.46634 -4.18272
-3.12212 8.57403
-3.73647 8.52468
9.46381 -5.37626
-1.58332 8.86855
8.7921 -3.07361
-3.03042 9.03645
-2.31629 9.02986
7.97797 -4.17617
9.34463 -4.0761
7.26089 -3.05408
8.82813 -4.70219
-0.47149 6.3792
8.98503 -4.0072
9.42051 -3.72474
-3.46179 8.89609
10.24776 -4.86816
-3.16609 9.86725
-2.1578 9.83225
8.19789 -3.95893
-2.80101 8.74732
-11.03612 9.83714
-9.40387 9.85269
-8.14041 8.72179
-7.1555 9.36446
-2.18412 9.56319
-7.97323 8.72122
-2.01713 7.80128
-1.44562 8.30831
-1.98572 8.21056
5.51748 -4.80606
8.42011 -3.62322
8.36721 -3.4995
-7.86087 10.12121
8.19285 -4.42413
9.10205 -6.16702
-2.78552 7.24663
-8.61862 11.13399
-2.88689 8.60221
-8.07865 8.12158
8.44405 -4.77447
-7.29624 9.42282
-9.33723 7.64957
-3.15005 7.83346
8.80783 -3.39115
-8.36001 9.2011
-4.45688 8.21259
8.2147 -5.98352
-1.81432 9.71877
-7.38804 7.64054
-1.21086 7.45667
-1.80554 9.25665
10.08809 -3.89806
-7.64147 8.62026
-3.18691 7.96969
9.43687 -5.2533
-1.97555 8.6871
-1.87103 8.58635
-9.7981 9.43346
9.40633 -3.00537
-1.59944 7.10082
-4.69963 8.17608
-2.40088 9.28821
8.32456 -5.48757
-9.16756 8.20018
-7.853 8.04381
10.33821 -2.83295
9.5512 -2.43557
-2.11318 8.00138
-7.88778 11.44541
7.73427 -2.86377
-4.03318 9.002
10.32229 -2.99384
6.45127 -2.37481
-8.08228 10.83198
8.5292 -3.90002
-6.99241 8.83078
9.12827 -3.42175
-8.37839 8.49693
-1.83725 7.55744
-8.44181 8.32294
9.87417 -4.47352
9.4684 -4.78665
8.09969 -2.90142
9.49253 -3.74472
-7.81184 7.98953
10.22889 -4.81941
6.58145 -2.47115
-8.75646 9.03012
-6.36814 8.6941
8.29321 -3.05037
9.46477 -4.28983
-1.11353 9.1521
7.89594 -4.43902
-3.84649 8.53635
-5.69283 8.64151
7.51547 -3.40543
-8.43807 9.10371
-8.52173 9.46889
6.76549 -3.48158
-4.02344 8.83761
-8.20415 9.63723
8.29593 -5.52851
-2.75057 10.0626
8.28453 -4.46978
9.03902 -2.45076
-6.11067 7.92999
-6.45049 7.82082
7.87074 -4.49587
7.47874 -4.73292
-3.1297 7.18011
-7.78572 10.33255
-7.99062 9.46877
10.08649 -3.84318
-7.32925 10.77628
-2.20265 8.67948
-6.82248 9.49857
-9.2261 7.92888
8.65453 -4.72611
-8.2088 10.37464
-9.5843 8.77416
8.75523 -2.034
-2.93604 9.002
9.55372 -4.28705
-8.49013 10.66615
-1.12507 10.91889
8.46784 -5.69755
9.17002 -4.73757
-7.08271 8.63703
-2.95788 7.52913
8.62894 -4.66592
8.32616 -3.90417
7.07425 -4.6864
-8.51104 10.73036
-1.04196 8.67436
-8.39534 11.15012
8.76353 -5.63519
-2.55902 7.54192
-0.88956 9.45244
-1.93568 9.58266
7.1653 -5.54456
8.34478 -5.03266
-9.73717 10.25034
-8.6846 7.56937
-7.68316 8.08293
-1.80097 7.13309
-3.98606 8.84826
8.32026 -3.71928
-7.52117 8.01139
-2.43779 8.5175
9.80389 -3.68651
-8.26537 10.06698
-2.27722 8.61458
-1.88257 10.98466
-6.77428 8.78583
-6.99334 8.04947
-3.50672 9.08725
-4.34898 10.10774
8.70125 -5.16764
-8.77589 10.52061
10.85978 -4.7638
9.04554 -2.27543
-7.98664 8.40454
-8.06273 8.62259
8.73038 -3.05094
-0.57607 11.31215
8.3813 -3.68537
8.79038 -4.56095
-5.22809 7.67615
9.57214 -5.89664
-1.97484 8.57512
-0.31765 6.81567
9.14444 -4.7386
-4.82815 8.39707
-8.29761 9.40272
-3.35824 7.59365
-7.35573 7.46605
10.96385 -4.66078
-2.28732 7.89362
5.44249 -3.56548
-7.09692 9.47223
-3.84486 7.51002
-1.99259 8.34763
9.00162 -3.6953
7.15146 -4.33967
-8.93917 9.12008
8.68589 -5.98016
9.5029 -3.4215
-2.1864 9.21879
7.90033 -4.23779
-6.97549 9.82223
8.45776 -3.74763
-7.53303 9.79517
-9.24452 8.80728
-8.72849 6.89125
-8.89058 9.39588
-9.93867 8.93753
7.28446 -4.51347
8.27643 -4.26202
-8.30357 8.21791
-2.87488 7.85886
-9.06706 8.92534
8.96432 -3.89597
-9.03573 8.68777
-2.98788 8.1182
8.7154 -3.6417
6.9804 -3.1013
-3.03083 8.88956
-0.46336 9.56848
-4.32144 10.39689
-1.64423 6.66294
-8.43054 8.00549
-2.48531 8.54055
8.92238 -5.69292
-1.29227 8.64158
8.63099 -4.99835
-9.47001 7.9423
-10.22823 9.59527
-8.01165 8.32319
-7.88478 9.8669
-8.81395 8.8493
-2.1568 7.3563
-2.1688 8.29983
7.11421 -4.05225
-2.32464 8.80997
7.87367 -3.50377
-3.68157 8.97055
-8.06162 8.754
-2.12891 9.2103
9.68213 -2.50867
-6.47061 7.85464
-6.15703 8.69329
-8.72231 10.62798
-7.89771 9.21949
-8.16892 9.82689
-9.40434 10.4832
-8.07927 8.81548
-2.63804 8.37271
-3.53835 9.44792
-2.87893 9.40593
-1.4729 9.25464
8.99626 -2.57705
-1.69946 8.09055
7.36141 -2.37477
-2.77739 9.06371
-2.25623 8.24015
-9.36595 8.83222
-2.85726 8.82741
-5.08387 9.44217
-9.93211 7.35096
8.41432 -3.90605
-2.83 8.64569
7.79719 -3.18174
-8.39282 9.71439
-8.16992 7.40897
7.9225 -3.28107
-9.67374 9.36371
-9.57122 10.9835
-1.06347 8.83727
-5.77996 8.99905
9.07149 -5.19777
-7.18421 9.47837
8.45379 -4.2404
9.79429 -2.13834
7.93725 -2.82584
-2.91046 9.79711
8.64748 -5.05349
-3.18063 8.00082
-7.59702 9.29757
-6.99731 7.68495
9.11245 -3.22222
-3.98966 9.07358
-9.0307 10.35146
8.88977 -6.85533
7.80315 -3.69412
-2.65498 9.10091
-6.93785 9.48515
-2.19024 9.35364
-9.15908 9.87923
8.07028 -5.00614
8.41071 -3.30379
-2.687 9.18045
-7.28718 9.51269
7.93711 -3.98931
-2.17373 8.30723
-8.03265 10.54674
7.38409 -4.04757
-1.29987 9.17943
8.83846 -4.8504
9.083 -5.2924
-7.84657 8.11591
-2.58405 8.57634
-2.9038 8.92549
-7.85478 9.38426
9.44067 -2.61076
-1.54147 9.17348
9.29567 -5.29412
-10.66732 7.68309
-1.98957 9.72656
8.44582 -3.77129
-4.48398 8.2189
-2.04441 8.1198
-9.37675 8.09816
-8.26792 7.5428
-6.98584 8.94346
-2.62723 8.38296
-1.67844 8.07842
7.92921 -4.6234
9.17875 -4.4988
-3.20686 8.84995
10.69612 -2.60438
-1.76212 8.74786
-3.27223 9.24574
-4.22985 8.59345
-8.55148 8.6878
-4.94421 8.23002
8.53386 -4.95467
-9.94027 9.1807
9.33185 -2.34237
-0.87558 6.90352
-7.76909 11.32543
10.23718 -3.46969
-9.45712 9.58488
-2.6592 11.2566
-3.3107 10.59486
-1.80287 9.17594
7.02651 -5.18695
-8.21338 6.77746
-2.48024 8.82888
-9.30963 6.56031
-9.85326 6.16659
-7.62569 8.09369
10.68418 -2.28721
-3.41918 8.51383
-8.75174 8.99253
-0.43807 7.65471
10.6699 -2.88618
-2.46308 8.48589
-2.70028 9.35619
10.06323 -5.00123
-1.57406 8.39632
-2.86892 8.89702
9.0383 -4.87904
10.01086 -3.91811
-0.85576 8.19901
-10.38659 9.7475
-7.46784 8.17398
-9.26459 9.3427
-6.7209 8.87325
-1.22598 7.82317
7.97121 -4.26199
9.06612 -3.94715
-6.17537 7.54788
-3.67869 9.33492
9.7282 -4.08438
-8.27988 8.82446
-1.10764 7.47158
8.67714 -2.48746
-9.13642 9.87415
-4.22484 8.50327
9.43333 -3.58926
7.694 -3.66916
7.08093 -4.11751
-10.25071 8.24825
9.34193 -4.39164
-7.35793 8.51081
-6.68429 7.91748
-3.81746 9.98346
7.22318 -3.71304
-8.15585 9.14235
-8.23323 8.78119
-9.21842 7.93964
-8.43578 8.59869
-2.01689 7.15403
-2.74143 8.69303
10.36805 -2.08874
-4.87276 8.2406
-1.39061 7.72289
-9.8694 12.55782
-2.76738 9.12735
-6.92998 9.27636
10.41982 -4.43785
-9.06715 9.13964
7.55948 -3.56351
-8.84428 9.09028
9.03453 -3.96191
-6.50487 9.13788
9.44555 -3.28932
8.59749 -4.90202
7.22392 -3.31407
-2.3874 9.4623
-9.17235 8.20112
-8.20456 8.02089
8.66292 -4.56928
-8.23454 9.42777
8.37434 -3.64441
-2.90304 10.54218
-8.24159 9.06033
8.74455 -4.49356
-8.05808 9.38536
7.18465 -4.27695
9.60222 -3.01689
8.89928 -2.61239
-1.22729 8.70413
-8.49862 9.12701
7.72941 -4.51178
-1.63293 8.13751
9.0889 -3.71503
-2.38594 8.86894
8.22829 -3.07221
9.31811 -3.31427
-0.86682 10.68786
-7.63688 8.91884
9.08021 -5.60998
-2.15005 9.4549
-8.96667 9.42985
-3.36612 7.15005
-1.85446 11.18963
9.16866 -6.1522
9.64415 -4.68707
9.47523 -4.78906
-8.17621 7.62691
7.76682 -3.4564
-5.45611 9.09807
-8.82357 9.29952
-9.0868 9.01273
-6.64099 9.40306
9.77476 -3.46537
-2.48004 7.09002
-6.31765 7.51957
-8.51576 8.75664
-2.7077 10.24057
7.23552 -5.90014
9.75824 -5.74603
-6.54141 10.36509
-2.4066 9.37841
-3.54455 8.95931
-3.30306 9.73524
-6.67091 8.09169
7.91084 -5.0936
-8.44671 9.95672
8.10918 -5.54349
8.01308 -5.73446
8.03725 -4.35294
8.58776 -4.65669
9.68194 -3.29833
-3.80121 7.76921
8.66174 -5.16073
9.08577 -3.79478
9.82417 -4.14663
-7.56037 10.03987
-9.59031 6.51971
-2.08664 9.7151
-2.8382 10.21175
7.76211 -1.43591
-8.36166 8.77124
8.6231 -5.24227
-8.31848 8.83601
-9.85768 7.98964
-3.01091 9.91223
-3.19146 8.85578
-7.73557 8.70497
7.62488 -5.17225
-1.09104 9.83183
-10.02079 7.30264
-2.67675 9.59541
-2.7945 7.69612
-6.64646 7.52752
9.07722 -1.96236
-1.1062 7.72699
-1.40855 10.86066
9.70448 -1.88123
-6.88628 8.04645
-8.41299 8.72406
-1.96851 8.40594
-3.12969 8.18098
-8.67924 10.73252
-2.14762 9.23445
9.29181 -3.93874
-2.03432 11.04089
-1.18621 8.92275
-1.19088 8.3879
-8.32186 9.32841
-8.51323 9.97552
-8.26473 9.79875
-2.8002 8.47371
7.66571 -5.28615
-7.60864 8.73053
-8.27083 7.73981
-9.64257 9.95072
7.52648 -3.4678
-7.82341 6.43377
-1.98265 8.10644
7.39834 -3.68278
10.18371 -5.14064
-8.3985 10.2096
-7.72843 8.52713
9.01666 -4.63368
-9.29909 8.74283
8.17901 -4.8695
-8.85682 10.12471
-7.85131 8.87148
8.75206 -3.38868
-7.48018 7.95136
-10.08395 8.72499
-8.24927 7.27112
-9.82808 8.63237
-8.2132 7.65204
-8.46755 9.54115
-7.62995 8.33848
-2.51196 9.11864
-6.67318 9.22166
-1.70672 9.57965
-8.55785 7.95099
-3.18561 10.72559
8.72628 -3.22645
-2.77532 9.30119
8.45395 -4.02467
-3.3756 8.51749
-3.62155 9.52787
-7.74691 10.46106
-2.23962 8.34886
-7.19935 9.2962
-7.8 5.95748
-2.98588 10.03657
-7.18244 9.12562
-6.92591 8.13855
9.08373 -5.36812
-3.09378 9.49755
-3.39082 10.21602
8.42606 -3.94433
7.61536 -3.7263
-1.49678 7.87112
-3.14259 7.44719
-0.92757 7.54068
-1.45134 10.33528
-9.14547 9.43519
7.16007 -2.32088
7.65699 -3.50338
-8.70787 9.23524
-2.50229 8.39537
-7.62163 9.5677
7.46517 -3.97972
-8.47857 9.02679
7.20682 -5.65787
10.51766 -3.24962
6.27124 -2.74274
-3.05901 10.85884
-7.46476 10.44557
-3.49582 8.49858
-8.92754 7.02162
-3.42018 9.15743
-9.83526 8.71388
-6.71033 8.30951
7.76738 -2.66704
-3.5906 8.87187
8.3718 -3.4711
-2.17993 8.91498
-7.88863 9.05781
7.13233 -5.04743
-7.74323 10.90567
-3.22094 9.0783
8.78093 -3.87708
-1.9671 7.19611
-0.44842 8.03658
-1.75995 10.83485
-9.62338 8.8721
-2.73556 8.45699
-9.07351 10.8339
-2.08477 9.22775
-1.34124 8.71051
-7.56243 8.5293
-8.83809 9.5588
-10.08873 7.97485
-3.73877 7.09638
8.41409 -3.53023
-9.79492 7.08662
8.08236 -4.16094
-1.79534 8.8031
9.14469 -3.9283
-9.30248 7.63569
8.70435 -4.00974
-2.10267 8.70139
7.78358 -4.635
8.4016 -3.46302
-9.41981 9.35695
7.92624 -6.16109
6.8847 -3.92939
-7.67486 7.20199
-9.61771 8.55272
-7.74051 8.48268
-6.284 8.78226
-2.3199 8.74789
-1.37982 7.83341
7.21477 -5.27414
7.87786 -4.34175
-2.74961 9.82007
-2.39956 8.75174
8.94799 -4.84054
8.0882 -4.84197
10.45742 -3.13674
-2.74306 9.93299
-8.34944 5.75465
9.11566 -3.40694
7.51339 -7.03748
8.68146 -3.30838
-7.17657 8.32968
9.86051 -4.80008
8.64497 -3.57025
-8.83881 9.96908
8.77831 -3.55371
-2.49314 8.68551
-2.61897 7.76315
-8.84805 7.03879
-3.79393 8.11438
-6.40007 7.41332
-9.28418 8.16012
-8.4426 9.42741
8.4143 -4.14776
-2.52132 7.7212
-2.72411 8.23436
-8.81435 10.15998
-9.18056 9.84788
-7.63912 8.69948
8.55853 -5.11637
-6.82032 7.82974
-8.1085 9.03067
8.97098 -4.17572
-9.37629 7.44872
-8.61054 8.43507
-9.12678 9.70829
-8.70304 10.01882
6.62282 -4.39336
-1.02056 8.7572
9.35607 -4.36034
8.7347 -3.57782
-1.82557 6.45649
8.63982 -3.5492
-2.04446 11.19404
-2.37115 7.92175
-8.75026 9.30641
-7.82353 8.62826
7.23498 -4.01201
9.28747 -3.36853
10.02029 -3.86376
7.63724 -2.95568
10.13152 -4.57846
-2.45764 7.94685
8.37761 -3.89676
-8.5642 10.86849
-7.77347 7.34517
8.2015 -4.88068
-9.80831 10.17622
-7.41884 8.54233
9.2629 -2.54589
-7.44674 8.74813
-8.05628 7.93385
7.96135 -4.13266
8.57502 -2.97882
-10.45968 5.92209
-6.88632 8.4774
8.81813 -4.24766
-7.90954 8.39905
-2.76143 8.26163
-0.7612 9.3618
7.94448 -3.43949
-4.14842 6.99839
9.0815 -4.45981
8.08048 -4.41491
-3.24086 9.03507
7.69821 -4.87961
6.59295 -4.81357
-1.80997 9.30818
8.49625 -3.24182
8.74171 -5.64856
8.36908 -4.59437
-4.7205 7.87576
-2.53133 9.27828
-6.59083 8.16238
-7.77602 7.88913
-8.02397 10.52825
-9.39119 10.82267
-2.19641 12.35547
-8.23358 7.71925
-7.24845 8.72053
9.90171 -3.17242
-1.99714 8.67296
-8.1033 9.95437
-8.44665 8.65401
-2.08629 8.94656
-3.31372 9.89975
-4.07311 9.53792
-4.21481 7.41024
8.10375 -3.91565
-3.69678 9.9474
-6.76215 9.74502
8.04173 -5.69146
-1.66317 9.06299
-7.67121 8.61478
-1.52116 8.53381
6.87471 -4.34446
-7.28354 9.60189
-7.61594 8.70974
7.5339 -4.64448
-7.97574 8.62014
-1.47892 7.07812
9.30142 -4.61949
-2.58897 9.23167
-9.14776 9.12287
9.09813 -4.31015
9.1896 -4.92989
8.87456 -4.57254
-8.5814 9.6802
8.56194 -3.72121
11.1908 -5.15568
-8.08681 9.05805
-8.14442 8.47972
-8.5571 10.34166
-7.3623 9.81196
-9.55249 9.13447
8.91238 -3.73954
-7.90896 6.70306
-7.59793 9.14822
9.0471 -3.41752
-1.4196 8.3161
5.68799 -5.5501
-2.36473 8.73892
-1.611 9.05735
8.86617 -3.82157
9.75239 -2.90823
-9.43405 10.98096
-8.76418 10.16026
-1.4826 8.7224
-8.33717 8.39505
-2.43714 8.92446
-1.91258 8.89695
-2.72638 10.91008
8.30863 -4.57996
-3.91316 8.63753
9.85198 -3.13515
-7.42156 10.18646
7.99038 -4.36767
-8.85966 9.17371
-1.49218 7.59788
7.05869 -3.38339
-7.99901 8.78204
-8.03079 9.51987
-7.995 9.42752
-3.1674 7.37281
-3.8959 10.5898
9.03372 -4.10429
11.0678 -3.2984
-3.89898 8.30784
-9.01872 9.66075
-7.53642 9.61986
-7.6961 7.16926
-8.62045 6.91296
-8.36837 7.65971
-7.01147 9.4177
-2.11849 8.09661
-3.74634 9.26093
10.15687 -6.27373
-8.15883 10.66955
-1.36572 7.9636
9.15681 -2.49016
-4.13655 8.61157
-3.81366 9.61888
7.0465 -4.69989
8.70965 -3.29222
7.87979 -5.44726
-2.00761 7.6461
9.70415 -6.38053
8.81067 -4.47162
10.19554 -3.71868
9.56999 -5.68459
-2.22729 8.4519
7.77874 -4.52063
-8.88903 9.93623
-1.3383 8.56535
8.98858 -3.73218
-8.14965 8.39351
9.39677 -2.57556
-8.04199 9.15582
-4.69053 8.01788
5.95382 -3.45876
-8.01572 7.47099
-9.1778 8.63434
-2.56095 8.6521
10.05877 -3.97161
-7.42942 7.84126
-3.49902 8.17464
-1.27557 7.96293
9.50647 -2.25225
-7.3599 10.05241
8.99026 -3.24753
-2.85237 9.15641
8.33214 -3.46629
7.73494 -4.34652
8.79627 -4.09979
-2.16419 7.22524
9.63301 -1.9587
8.34922 -4.76656
-10.72574 10.45027
-7.10612 8.55458
-8.4421 9.84558
-8.17076 9.33194
-2.37313 10.01099
-3.39293 7.69031
-2.09965 9.52879
-3.04794 7.41064
-6.11272 9.67526
-8.75379 9.39443
-6.99876 8.69021
-3.11652 7.50467
7.63641 -4.67538
-8.50115 9.4536
-8.40292 10.11989
-0.23731 9.86851
-8.14814 8.77526
-2.02684 7.9309
-8.14284 8.27212
-8.90207 9.35064
9.22834 -4.18632
9.12029 -3.87986
-4.00268 6.36314
10.90591 -3.40771
-3.51363 7.36153
-2.82394 8.90956
7.8051 -3.95638
-1.98954 7.93035
-1.76043 9.63851
-2.17103 7.53071
-1.87701 8.96914
10.16562 -5.67651
-0.57648 8.86555
7.37745 -3.23822
8.89544 -3.89331
-9.09162 8.92446
-2.40604 7.6716
-2.85882 9.23587
-7.90356 7.7805
-0.89995 7.76861
-2.80037 10.11056
-3.06745 8.96381
-7.44916 10.58352
-1.06198 8.27913
-4.24571 8.66047
-1.49355 7.76837
-2.9597 7.58273
-2.11679 10.04576
-2.2996 6.85324
8.01224 -4.75626
-9.16317 9.35924
8.96846 -2.26119
9.39911 -4.40873
-9.78638 8.41899
-6.99672 9.53438
-2.80111 8.1482
-0.51985 6.67511
-7.97311 9.30967
9.73165 -3.44783
-9.34649 8.45131
-6.39278 9.18261
-4.27949 9.75647
7.11574 -4.38214
-3.09722 8.52616
-8.39261 5.91274
7.18987 -5.29361
9.10582 -3.52784
-7.73751 8.02427
-1.6417 8.6845
-2.17256 8.99387
-8.32218 8.13882
9.03141 -3.81988
-7.59014 10.47096
6.59971 -5.96227
-1.45094 8.47841
-8.15502 10.31081
8.58146 -5.02191
-3.28247 9.39816
-8.04545 9.88145
-2.97177 7.88719
-7.77237 9.84151
7.41952 -6.20436
-2.61432 11.36569
-1.49132 8.36479
8.00995 -4.47778
9.96727 -6.14927
-8.03588 10.51227
-2.96583 8.99596
-1.60985 9.8187
8.14819 -4.74391
-5.28305 9.26316
-9.51081 9.89978
-9.80925 8.78202
8.30772 -3.82476
-1.0217 9.10745
-7.30416 10.07932
-2.22315 10.1946
7.88096 -2.95007
10.20134 -4.02109
-0.97436 8.8263
8.30717 -5.88752
-7.91692 8.74992
-3.26192 10.05393
-2.49267 9.80721
8.99127 -3.57019
-2.77078 8.53587
9.05791 -3.99024
8.38605 -3.378
10.29753 -4.30152
-8.21302 8.68671
-1.1739 9.56068
8.58846 -4.09349
7.05506 -3.88143
-7.39143 8.93081
9.03567 -3.2726
-7.39455 8.54401
7.97779 -2.73308
-7.09372 10.69855
-8.31401 7.37607
7.33583 -3.40054
-4.08818 9.82246
7.15063 -3.35357
7.49813 -2.50386
-2.0969 6.82473
-3.55704 9.24363
-1.67636 9.66207
8.17157 -4.57481
-1.76695 9.15011
-9.19705 10.25202
8.99895 -4.07625
6.82763 -5.93705
-8.27956 8.67918
-9.10502 7.72378
-7.90913 9.3293
-0.31311 8.3981
-8.10988 10.47236
-8.13626 9.25298
-1.74553 8.64394
6.43729 -4.39936
-2.97073 8.89578
7.51493 -4.55506
-6.67824 6.62991
9.33228 -3.00866
8.24713 -4.21848
8.32533 -4.38455
-7.98989 8.8232
-1.59269 9.81233
9.35644 -3.27786
-8.20475 7.44695
-9.13455 8.80734
11.31778 -7.21678
-1.99721 9.6884
-2.25888 7.79858
-0.90968 10.36407
-7.26984 10.71889
-3.88029 8.97421
7.80346 -6.53252
-1.66379 8.88334
-2.17128 12.39896
-8.54691 8.83705
9.17137 -3.22651
-7.51113 8.78112
-6.82698 8.50955
-3.14731 8.20491
-7.39373 9.064
-2.12801 9.17893
9.5209 -4.16088
6.95555 -2.35144
-1.72737 8.16813
-2.84841 10.19494
-8.77163 9.76357
7.48458 -3.42277
-5.89879 8.36836
-9.6265 7.01363
-2.00025 8.12027
-1.79484 8.69532
8.80819 -4.79739
9.46187 -4.09481
-6.58759 9.56015
-9.73906 9.60213
8.91195 -3.72301
8.36149 -4.19633
-2.05159 8.56116
7.80169 -5.06836
-8.6111 9.57646
-3.57544 6.97832
-7.52333 9.85313
-1.33402 9.04243
-8.64155 8.70473
-1.11982 8.20737
8.59447 -3.3693
-2.28616 8.29753
-2.04089 8.98873
9.87543 -3.08623
-2.90698 9.04638
-7.05412 10.12548
-3.95354 9.42296
-2.92086 8.50894
-8.9803 8.44901
10.41706 -3.78349
9.82246 -3.73148
-8.58702 10.87025
-1.99161 8.15748
-3.27435 10.11117
-1.0073 7.44939
-1.28116 10.45446
-10.71398 9.03011
7.79436 -5.45453
-7.14703 9.02461
7.56441 -4.57813
-3.27605 8.29105
-2.66128 8.74151
-8.82006 8.0545
-8.5474 8.43317
-9.57732 8.74578
6.61809 -6.02228
7.82496 -4.66753
8.92074 -3.57198
-2.40103 6.08058
-6.58053 8.82897
-4.21631 9.17329
-2.84881 10.07319
8.23875 -2.75744
-2.34651 9.94369
7.64507 -3.8386
-2.03597 7.99682
-8.50081 7.7741
9.56609 -2.52879
-1.73317 7.85534
-6.36221 11.0757
-1.95192 10.12986
-1.35403 8.72249
7.90842 -3.25479
-0.65143 9.02727
-1.95946 9.82419
-9.96919 8.03635
7.21913 -3.50407
-1.47512 9.06072
10.688 -2.78397
9.44729 -4.96368
9.45491 -4.76644
-6.77337 9.5436
-2.29805 6.56615
-8.62277 9.13306
-2.99382 9.46795
-1.11791 8.17571
9.19005 -3.66401
6.08153 -4.21878
8.56098 -3.81519
9.16405 -5.11922
-8.45263 7.55743
-0.00826 9.65242
-2.85089 7.68507
-1.24425 8.49384
7.50382 -3.64646
-1.49409 7.77546
-8.59114 11.48812
-9.72875 7.78986
-7.71208 7.66833
-2.35224 8.97058
7.44473 -3.95276
-0.43828 9.94962
-9.08821 10.05054
10.02389 -4.73773
-8.8094 10.422
-2.70105 7.72796
9.82693 -3.9509
-8.19154 9.00365
-8.2833 9.59295
9.22026 -4.6867
-2.07011 8.44695
-1.27336 8.86392
9.35128 -4.37208
-1.82425 8.7943
-7.03772 11.34634
8.94897 -3.45735
7.14954 -5.73202
-7.69904 8.00836
-7.28214 8.33711
-2.90176 6.8427
-8.78723 8.20284
-2.59157 11.13628
-2.45798 9.3864
-2.36348 9.33053
-1.93382 7.5154
-2.69152 8.18391
10.17105 -3.18629
8.92237 -3.39572
8.61216 -4.47531
-4.19452 7.90468
8.70128 -4.49662
8.46749 -4.67504
-2.08109 8.64868
-2.71892 8.62528
9.24917 -4.85
7.27087 -2.93895
-2.33417 7.93342
8.69319 -5.25461
-9.04668 7.03793
-7.87793 9.45087
8.97214 -4.21634
6.80402 -4.61421
-2.84261 7.22161
7.35952 -3.2061
7.17168 -3.69289
-8.30817 7.89538
-3.66874 7.9948
10.7623 -4.06157
8.92526 -3.59904
-5.31332 9.35515
8.20695 -2.44599
-9.10098 9.49347
9.72495 -3.138
-9.65893 9.76417
-8.37902 7.44357
-8.77305 7.80694
-0.94463 8.02447
-9.66722 8.00036
10.2141 -4.99313
7.87446 -4.30097
-7.24879 8.26883
-6.73413 9.85822
8.50017 -2.24184
-7.14672 9.36719
-9.06921 8.96437
-8.00405 9.09145
8.48202 -5.04652
8.1215 -4.69929
-1.35621 9.73403
-8.74303 8.51647
7.47523 -5.11531
8.53535 -5.51163
-7.91335 8.04323
9.00255 -3.85819
-6.53259 9.99329
-0.87585 8.85389
-3.36463 8.81308
-2.42352 10.23573
-1.32467 9.99173
-8.14007 9.74894
9.24579 -3.32975
8.72067 -3.11739
7.25297 -4.82251
9.53943 -5.25973
10.32147 -2.87769
8.01602 -3.08769
7.90782 -5.45403
7.36581 -4.86395
9.86762 -4.4606
-1.76451 8.90293
-2.17528 9.99917
-8.65018 9.52754
-9.25516 8.62892
-8.62337 9.8181
-1.83047 8.84106
8.86878 -2.94696
-2.31452 9.6586
9.10741 -3.51097
-8.41717 9.50882
8.80396 -3.94162
-2.76889 8.14005
-2.85389 8.40327
-1.42959 8.50209
-6.82801 9.12215
7.92232 -3.72712
-1.85507 7.71485
-1.93648 9.50712
10.36894 -3.77999
-3.20513 8.08342
-2.20968 7.69564
-6.8182 8.26864
-3.9779 9.5758
-7.60352 8.1331
-6.64517 8.16146
-8.19094 10.37997
-7.46361 9.17515
-10.86283 9.13196
8.87088 -4.46084
8.89706 -4.09358
8.15367 -4.19134
9.38678 -4.79402
-6.95915 8.16852
-1.21774 9.19629
-8.48848 9.62791
8.15853 -4.49762
-1.30054 8.75316
8.39172 -4.18139
-7.86664 8.56154
-8.58223 10.62205
-1.37993 10.47983
-7.64073 8.04022
-1.98168 8.25079
9.38542 -1.20289
-7.22794 7.47317
-6.7193 8.7077
-2.51067 7.72445
-2.76118 8.85037
-8.45327 8.74701
9.56117 -3.05722
-8.18325 8.84719
-1.43152 9.0752
7.49746 -5.14899
-3.45135 7.93492
-2.08289 9.92624
-3.45934 9.36925
-2.54673 7.52507
-2.26353 9.29443
9.26952 -4.3478
-3.25902 7.97912
8.91193 -1.73214
9.84162 -4.23971
-8.1216 9.48844
-7.30553 9.90615
-7.60922 9.0389
-2.9301 7.89214
-2.42731 8.38765
-1.75735 8.50936
7.84655 -5.60602
-1.01091 8.85784
8.81645 -3.9867
-6.58289 7.26523
-8.10323 8.48484
-2.14913 8.78288
9.19229 -4.21188
-4.15888 8.67097
-0.90844 9.52746
6.7151 -5.36393
-5.94019 10.10852
-7.46877 8.86372
-1.75749 8.25497
-8.06491 8.87127
-1.39013 8.20408
8.24169 -3.70184
8.08775 -4.01215
-2.9916 10.65234
-3.61372 6.51429
-8.94477 10.17171
8.58439 -4.18559
8.65579 -4.38741
-7.96802 9.2888
-7.17778 9.36384
9.10477 -3.17628
-2.334 9.69848
-8.35165 9.43939
-3.65394 8.83577
8.47367 -3.51028
-6.95534 9.83877
-8.92647 8.41669
-7.07818 9.01605
-8.18414 9.22588
-8.58855 7.71909
7.96741 -4.60482
9.49308 -4.37658
8.5596 -3.74438
-2.2915 5.91174
9.49754 -4.19649
-2.79738 7.87896
-8.2234 10.46037
10.21124 -3.85088
-2.84068 8.90522
-10.13506 7.73564
-3.70417 8.99664
-2.69281 10.88145
-6.73501 7.50204
-6.35953 8.28917
-2.14143 9.60423
8.29518 -5.89772
-6.71641 8.83603
-2.33929 9.04
-2.68925 9.2953
-9.26545 7.50284
-7.99006 9.65129
-2.07393 9.38592
-2.75939 9.8613
-2.34953 6.37122
-8.40126 9.1337
-7.73557 9.28987
-3.15891 8.24577
-4.05781 8.07401
9.18802 -5.4208
-2.43257 8.99938
8.74604 -1.67504
-7.76404 8.65148
6.55873 -4.83496
-3.37179 9.08191
-4.44171 8.81212
-4.09058 7.52539
-6.82422 9.28564
-9.01808 7.58364
8.75435 -4.25601
9.88069 -5.34741
-3.20343 8.93212
-7.70014 8.54988
9.59373 -4.45512
-6.57619 8.32752
-2.67171 9.69837
-2.86919 9.70364
-8.80191 10.02088
10.30464 -1.90411
-8.65233 9.71691
9.42353 -5.31316
-9.79627 9.90056
-1.97324 8.10538
-2.59908 6.96076
7.54262 -4.54323
-7.10766 7.35627
7.55582 -5.49525
-9.32952 9.15675
-7.76229 9.22637
8.9726 -2.56184
7.62863 -5.96515
-8.78669 9.80481
-9.045 8.32202
-1.90356 7.86652
-6.59697 9.73183
-8.42895 8.16864
-2.29855 9.51354
-2.07204 7.77185
-9.19482 9.14403
9.39656 -4.7623
-0.53391 8.79742
-2.56397 10.51696
-2.90976 10.53729
9.93854 -2.22313
-1.66444 8.97103
-6.17422 8.19307
-8.07117 8.19463
-8.41764 8.56642
-4.94817 8.24982
-7.99873 11.06244
-1.49971 8.55581
9.61883 -5.20293
9.83395 -3.93042
9.31401 -3.65528
-1.76722 8.31373
9.51638 -3.32246
