40 2
4.32364 9.71639
4.56971 -7.25743
5.24208 10.48651
4.06403 12.16053
3.44529 -7.25137
3.74174 -5.26817
3.88507 -6.67669
4.67693 -5.90657
4.61528 -6.91336
7.20448 -5.67955
5.08393 11.00556
5.76968 -5.68156
0.75886 -5.78513
0.37405 -5.94883
4.93823 9.63855
2.62712 -5.72717
0.85889 -7.57014
4.96891 9.83326
6.11638 -7.36495
4.43437 -6.97136
2.1566 -8.46628
1.17009 -6.26924
4.75855 8.23345
3.67126 -6.97102
5.56091 -7.32838
2.24969 -6.67965
5.49639 11.08831
1.08691 -6.74475
2.69948 -6.34784
5.32515 10.42697
4.74604 7.78778
2.78356 -4.87656
2.5435 -6.79967
4.12416 11.75131
3.50825 -7.25799
2.48471 -5.93317
3.78192 10.82066
4.87246 8.83857
1.40652 -6.78495
4.64196 9.82957
