400 2
-6.73318 5.64179
-6.37288 4.27356
-3.41219 -3.45162
8.43708 -5.07137
-8.14198 5.12747
9.90576 -3.74708
-6.54957 4.99081
9.55561 -4.82972
-5.26401 -3.76892
-5.07848 -4.97223
-6.47362 5.17158
-3.75004 -3.83525
8.71641 -4.22774
-7.15338 3.94436
-5.74575 -5.15752
-6.2688 4.45873
-2.89549 -4.14769
-8.76064 2.1966
-6.0557 3.6161
-7.23791 3.16844
-5.81797 -2.62702
9.16547 -5.58204
9.09003 -5.64185
-5.72559 -5.87291
-4.40212 -4.71441
-6.54354 3.94596
-6.51043 -5.0766
9.03439 -5.55942
7.50642 -5.00125
-7.27784 6.70294
9.26487 -4.83105
-6.61403 3.84486
9.00334 -7.32717
9.26231 -5.60315
-8.01201 3.64674
-6.98447 2.33568
-5.97911 -2.9692
8.11587 -5.18286
-7.36716 1.74508
-5.9789 -4.63593
-6.7192 4.35364
-6.45421 2.79614
8.8097 -4.37863
-5.10214 -3.50506
-5.8856 -3.72991
-5.84211 -2.24564
-7.85402 3.56992
-7.01717 5.30456
6.97717 -6.13364
7.4744 -7.04146
-6.42758 -5.61085
-4.5663 -3.91098
-5.30104 -5.11798
-6.40394 3.93603
-4.97664 -4.43892
-7.30837 4.20667
-4.31217 -3.52603
-5.31647 -3.78757
-5.26602 -2.66875
-6.23061 3.30329
-5.10788 -3.16065
-6.21702 -3.31607
-7.82343 4.60456
-7.15834 2.9865
-6.72729 4.37461
7.25652 -5.58323
-5.84255 -5.62857
-4.52554 -5.73554
-8.37512 4.047
-5.8469 4.70778
6.99622 -4.59792
-8.41638 3.98218
6.97998 -7.06056
7.20213 -5.87886
8.98436 -6.41419
7.49349 -5.12175
-6.6321 -3.40186
6.94174 -4.74694
-6.05015 4.78255
-5.05246 -6.81147
-3.40042 -4.00574
-3.73665 -4.31755
8.7687 -2.05544
-6.65186 4.23017
-6.52158 -4.36463
-5.10899 -3.12665
9.47556 -4.05009
-6.64186 5.91007
-3.67738 -3.12771
-6.95695 4.43639
6.74315 -3.63079
-7.09774 4.13871
-5.66017 -3.60361
-4.66665 -5.64392
8.12098 -5.34911
-5.67187 -3.136
10.00001 -5.83318
8.83324 -3.50762
-5.24074 -3.86425
-4.44667 -3.59682
8.20603 -5.22489
-5.896 4.28569
-7.4122 3.59682
6.85055 -5.58282
7.81253 -5.93592
9.61363 -4.37268
8.70549 -6.82021
-7.56968 -2.87235
7.09497 -4.6582
-5.54289 -5.59177
-5.02713 -4.50467
8.75986 -3.95961
7.84293 -5.61327
9.59694 -4.82253
8.09206 -2.7952
-7.9528 4.04564
8.31765 -4.71508
7.97518 -4.48733
9.3009 -4.25931
-6.47601 -2.55485
-8.13628 1.15286
7.32252 -3.48851
-5.6625 -2.89804
7.58422 -4.83845
-7.84092 2.41798
-7.97835 3.55258
-7.28981 3.62412
-6.65193 3.42826
-6.93255 3.40128
7.97704 -3.47516
8.26526 -2.84934
8.57669 -5.50511
8.72938 -4.30967
-8.01228 4.59095
-6.49281 3.44504
-8.45083 3.58109
-6.59651 -5.24712
-6.23782 -4.66855
-6.07647 2.40648
-7.48846 3.52872
8.41968 -3.36829
-6.44627 -4.15007
-5.96567 -4.12011
-5.67593 -4.6126
7.96628 -4.23437
-5.46266 -4.77855
-5.36739 -4.50716
-8.44105 2.37524
-5.51605 5.63922
8.01867 -5.04017
-3.19414 -2.75388
7.14186 -5.11438
8.07567 -3.23457
-5.26332 -4.08286
8.68401 -4.42733
-4.54487 -5.43258
-6.16645 -3.98232
-6.05945 4.37726
6.81855 -6.53947
-4.74599 -3.45624
-6.17399 -4.37162
-7.10485 5.30543
-6.55937 3.72936
8.41095 -5.03923
-6.9074 3.76496
-7.78228 4.86278
-4.55153 -4.43447
-6.09056 -5.41498
-7.9859 3.14261
-4.68036 -4.56194
-6.0236 -4.18275
9.68233 -5.40544
-6.66118 -4.45777
-3.92746 -3.28198
-6.87637 4.8026
-5.72429 3.85494
-6.56549 2.54919
-7.64071 -5.02432
-7.88196 5.09977
5.90788 -5.15612
-7.62409 4.1031
-3.72766 -5.26634
-6.45204 3.83008
-3.66998 -3.8208
8.20988 -4.44928
-6.91055 -4.21412
-4.88426 -4.82589
-7.6425 2.76844
-6.60051 4.33961
-6.43791 3.5733
7.86353 -6.34025
-3.73011 -4.0702
-4.33987 -3.47905
-6.11186 2.52061
-5.22042 -4.05568
-5.464 -5.27053
8.18206 -5.78907
-5.91629 -2.88468
-6.9278 4.70318
-8.48129 3.97945
-5.5984 -6.0641
-4.80113 -4.03848
-5.69236 -3.38837
-9.15835 4.43555
-5.29944 -4.42588
7.79262 -4.71925
-4.8392 -4.03971
-6.9273 4.32822
7.93728 -3.81002
-8.44782 3.7421
-6.31221 -4.24327
-3.48486 -2.86804
7.79975 -7.45191
-6.67363 1.94307
-8.103 5.55297
-6.86737 3.57255
6.88694 -4.30545
-7.69601 -5.02344
8.27957 -3.94075
8.47796 -5.90518
-4.71348 4.42455
-5.11578 -3.03462
-6.24908 -4.68047
-7.92129 5.83099
-6.19963 3.69803
-7.24822 5.64555
-6.13708 -1.88541
-5.78374 -5.08809
-5.7598 -5.20165
-7.71869 3.99082
-5.43709 -3.47877
-7.97519 3.63916
-6.34721 4.41089
9.02144 -4.69078
8.83237 -4.52448
-6.50972 1.29134
8.94377 -5.4279
-6.65606 -4.65958
6.73845 -5.76142
-9.32909 4.11143
-6.80735 2.04518
8.12746 -5.13358
-7.46536 3.54325
8.67433 -5.19581
-8.9951 5.86743
-5.46335 5.9927
-6.56745 1.84629
8.72502 -3.12829
-7.79219 2.89937
8.42271 -6.27929
-7.00339 2.65259
7.92788 -3.03919
-5.27155 -3.7605
-7.24749 4.64346
6.11883 -5.02437
-3.07079 -5.59551
-3.37884 -3.73602
-6.98211 2.98124
-3.77872 -4.66339
6.81145 -3.67007
8.49062 -3.91051
8.46281 -4.54309
-7.39287 5.70756
8.08614 -4.07486
7.80436 -5.46717
-7.76408 3.72015
7.44073 -5.11995
8.5826 -5.05413
7.72304 -7.31197
7.65552 -6.37418
-5.74514 -3.53368
-7.97036 3.81917
7.35301 -4.5617
7.2861 -5.00202
-2.45325 -2.54492
7.7913 -4.78705
-6.64197 4.08738
-3.96357 -6.80098
9.17158 -3.94163
8.08421 -5.84086
-3.52382 -3.48638
7.71895 -6.22478
-4.60543 -5.29
-4.04245 -4.49253
-10.46241 5.01479
7.40526 -4.29274
-4.94507 -3.03361
-4.62581 -6.16938
-6.46914 -2.44188
-4.45394 -6.32298
-7.99373 3.22061
8.73256 -5.39273
7.90936 -5.34311
-5.73344 -5.17219
-5.70902 -5.34588
-6.70432 3.1388
-5.84999 -5.14513
-6.917 4.00768
-6.15553 -4.7405
-7.00482 4.16279
-5.50334 2.56457
-7.02978 -2.73921
-4.1326 -5.26478
-6.20097 4.54463
-5.6843 -5.1466
6.91507 -3.89362
7.91101 -5.66616
7.33115 -4.58491
8.21254 -5.96839
6.99967 -4.79717
6.80154 -2.91546
-5.87559 -5.05211
8.56135 -6.46118
7.71095 -6.3192
-7.97391 4.54868
7.16013 -4.6053
-5.54766 5.9829
-4.49146 -4.00655
-6.7691 6.37999
-7.32551 4.81713
-5.27253 3.81419
-6.80533 -2.57128
-6.94665 2.54648
6.81906 -3.24428
-6.26391 3.18971
-6.08885 4.35981
-6.21094 -2.65418
-6.51618 4.59692
8.74225 -4.33561
-7.19038 2.86695
-5.15138 -4.06339
-6.40522 5.05704
-5.38188 -4.08474
-5.93894 5.22112
8.17453 -6.4405
-5.26667 -2.37517
-8.3887 4.9355
-6.89026 4.74472
7.20872 -4.95931
8.31987 -4.93346
6.38064 -5.912
-8.63887 3.89322
-5.32954 -4.72475
10.02793 -6.59874
-4.74335 -4.83239
-7.21737 -1.98563
-5.39075 -1.57596
6.9681 -5.60417
-6.85098 4.39271
8.73978 -5.77888
7.21644 -4.268
-8.02478 3.82353
-5.33527 -4.74109
-5.57938 4.28164
-7.74822 5.4767
-1.94016 -3.13375
8.79128 -3.92402
-6.12925 -3.90914
-6.39624 4.33279
8.80956 -5.53202
7.10663 -5.78261
-7.16286 2.2552
7.29104 -4.66183
-6.62409 4.23644
9.73234 -6.13788
8.56866 -6.52876
-3.90521 -4.13112
-6.05258 3.3017
9.83097 -3.98116
7.4657 -5.72652
6.16201 -5.15234
-7.4182 -5.48939
-6.66407 4.32662
-4.16948 -5.91221
-6.31565 4.47591
-5.0386 -4.37349
8.17351 -3.69325
-5.91976 3.97243
5.68523 -4.35991
8.95971 -5.61218
-4.47593 -2.09426
9.05659 -3.87451
-5.87933 -5.34572
-6.61256 -5.15638
-4.60322 -3.5245
8.57052 -6.0406
7.22676 -4.815
7.92083 -3.69666
9.07892 -5.01565
-5.67691 -3.13164
7.229 -5.50223
-7.88234 4.19732
-5.77309 -3.82515
-7.33077 0.9784
-5.4808 3.46289
-6.84427 2.94786
7.23133 -6.57146
9.66946 -5.33333
-6.29929 -5.32051
9.17117 -5.60572
