50 2
-9.90155 8.79263
-4.49462 2.41483
-9.71901 11.1275
-10.31165 9.31544
-4.75439 -0.33376
-10.94901 -6.24825
-9.9419 10.79189
-10.39446 -6.92328
-8.1009 10.98212
-10.50833 -6.72356
-8.87186 -4.07315
-9.30463 -4.19232
-10.13976 9.53024
-9.44983 -5.91698
-8.61319 -5.90147
-11.66317 -5.58675
-10.03728 8.09687
-4.79821 1.21502
-3.32881 2.27537
-3.55317 0.90549
-4.17 1.29446
-9.99164 8.632
-6.20838 -3.96036
-9.02367 -7.49038
-9.20104 -4.92336
-4.98046 1.05312
-4.44016 2.00559
-8.28855 -6.07442
-6.50781 -5.37276
-10.77002 -6.40032
-9.90933 10.22927
-10.27503 8.79818
-8.70447 11.09409
-5.19396 0.35524
-7.00337 9.88213
-3.48579 2.0493
-4.17529 1.93093
-5.70899 3.54913
-9.26052 -6.28364
-9.33181 9.68488
-8.49322 10.17662
-3.96627 1.88003
-8.14742 -4.35673
-3.95981 0.90048
-3.69957 0.70801
-8.67297 10.21256
-4.87905 1.41274
-9.07407 8.24571
-10.83917 -6.79298
-4.64686 2.26578
