500 2
6.10535 5.26822
8.99405 7.6166
6.54197 4.17244
6.96224 4.17021
11.18518 8.66339
10.92525 5.87184
9.35036 7.04202
-0.8153 -7.05458
8.55487 3.23996
7.79352 5.54357
-0.61667 -6.74151
6.53334 7.89623
9.65736 6.15025
0.00533 -4.73036
10.37857 7.28073
6.31097 5.20468
7.05842 4.47434
1.06862 -7.52034
8.13231 3.95917
-1.14576 -6.40194
8.22612 4.66418
8.15155 5.36314
7.06126 3.45545
7.4148 3.16701
6.69981 4.6725
-1.28667 -6.49532
9.9992 9.46584
0.50093 -6.25956
8.72775 7.93446
-1.73777 -8.90059
6.74723 5.06947
0.17252 -5.92797
9.7211 8.3624
9.34101 6.23267
7.02487 3.94498
-0.32578 -6.18489
1.12216 -8.22977
-2.05443 -7.51107
0.70887 -6.31795
-0.25065 -5.99905
10.6 6.7761
6.36287 5.73382
9.48132 8.36811
9.2982 8.84395
-0.96445 -7.31002
8.27666 4.62133
8.15383 3.94173
6.48202 4.66532
7.93291 6.36017
7.59142 7.02485
2.4431 -7.32603
7.39828 6.57366
-0.74656 -7.68494
9.81168 6.71255
7.61894 5.44814
-0.26644 -6.23093
1.38697 -7.32513
0.99201 -4.67425
8.92703 4.70947
-1.83745 -7.13402
6.2567 4.21707
8.38356 7.85886
8.57121 3.77018
8.31023 6.06131
9.02214 6.46984
9.90936 7.03673
1.42963 -7.41227
9.88745 8.65813
7.82465 5.02433
1.64198 -7.4032
6.42959 5.83835
6.51416 5.36691
0.84905 -7.20058
8.20048 6.15801
7.8553 8.24486
7.05715 4.76992
8.38702 7.00615
0.55037 -6.6932
-0.72861 -7.32876
10.03261 7.44856
5.02034 5.74642
6.16883 6.45316
7.31659 4.11491
7.15813 5.88143
8.41697 7.05646
0.84599 -6.08166
9.46456 7.34562
7.53217 6.73608
-0.56304 -5.50676
5.87524 5.40887
6.52923 4.79289
8.81165 8.70387
7.02969 2.55252
9.22299 7.76476
7.58909 5.2434
-0.02765 -6.33995
-2.29868 -4.42222
8.50729 7.04633
6.99491 4.46873
0.95624 -6.60836
7.76562 5.52536
7.7228 3.91676
-0.31894 -6.09072
8.53316 8.54744
-0.06508 -6.84865
6.46162 6.22809
7.18369 6.08647
7.85414 6.18138
-1.58103 -7.61001
6.7641 5.2821
7.08677 7.74829
6.84668 4.46413
8.96161 5.4302
1.13355 -8.11802
-0.48677 -7.94823
7.26359 4.71019
8.8863 8.20694
0.50536 -6.027
10.26022 7.8421
1.11263 -7.0744
1.58393 -5.09589
6.17266 6.38576
8.0014 5.19158
0.47463 -5.74502
5.72835 4.28735
0.08513 -4.98461
8.36602 6.86444
8.43467 4.60933
9.90039 7.42739
7.33855 5.35664
6.04979 4.3663
8.61385 6.9377
6.77195 6.59928
6.2492 3.95282
-0.74295 -5.38658
-0.88309 -6.52968
9.15892 6.86938
8.38656 6.49268
6.45339 4.73029
7.69043 4.22614
9.57284 6.56368
8.09403 4.88142
0.89202 -6.62399
9.12594 4.47724
9.70184 6.18841
8.71869 9.5552
8.88979 4.01029
7.26762 6.47427
7.41114 4.16565
-1.28859 -7.25085
10.02087 6.33098
8.33554 4.16231
6.19277 5.33152
6.93099 3.9552
-1.65025 -6.64243
10.0223 8.18492
7.89714 6.7816
9.08646 7.81116
6.87819 4.20791
-1.61088 -5.74391
0.16844 -8.17097
-0.8022 -7.57675
10.02133 7.17325
8.3487 5.17931
1.38262 -5.96389
9.78335 7.4447
7.08089 5.46647
7.07043 4.84026
6.48938 5.29874
6.61278 5.4891
-3.00188 -7.21762
8.47702 9.49281
9.80345 8.05054
1.0303 -7.2383
7.68184 2.86329
8.9931 7.50141
-0.62186 -6.96306
7.12481 4.99525
0.39473 -5.88416
8.47829 8.79462
9.64009 6.72765
6.3642 2.17669
8.36444 6.98219
9.10512 7.93995
1.22736 -6.68082
8.45085 7.52903
-0.87869 -6.31884
6.81131 4.48031
2.11126 -5.73878
11.69855 6.82196
-2.04372 -6.91629
9.872 8.43751
-1.15315 -7.16176
10.40798 9.05475
9.18344 6.79163
-1.23533 -6.84088
7.81382 3.16133
7.99938 4.63071
8.47998 7.09608
0.08078 -7.30282
10.33524 8.41961
7.36163 5.91333
6.25534 1.85794
-0.32281 -7.598
8.852 4.68483
5.30649 3.92242
8.22212 4.56192
7.72469 5.0176
-1.47368 -6.63634
9.05938 8.99115
0.27343 -7.21538
6.85561 3.63854
-0.31205 -6.92471
8.86321 8.12852
-0.96698 -5.61754
8.33503 6.96477
-1.87016 -7.01297
5.69618 5.72745
8.59591 4.11691
7.72532 5.14867
8.66348 6.68737
9.04181 6.39974
9.83471 6.77889
9.32004 6.99117
6.01111 3.46659
11.34436 7.58408
0.21499 -5.53361
9.12053 5.88361
0.06442 -7.34183
-1.61284 -6.45794
7.51289 6.92588
6.26264 3.73973
-0.37719 -6.85569
-0.70987 -6.21279
9.93884 6.27263
0.26487 -5.21393
1.31878 -5.47886
0.7423 -6.53344
0.06155 -6.83693
9.24607 7.38658
8.56875 6.34236
10.8486 6.08096
8.65788 11.51211
6.33027 4.39455
-1.38795 -8.40953
0.03617 -7.48107
7.43095 4.60802
10.99972 7.77792
5.90495 5.30896
8.52936 8.0245
7.2171 7.8982
-0.04996 -6.75745
9.54521 7.49926
8.66793 6.24627
7.03146 4.83778
7.89059 4.79732
7.31609 7.58895
8.95337 7.09944
9.84479 8.00382
-0.17161 -7.16636
10.09264 9.86333
8.86781 5.95096
7.43872 3.98842
0.82858 -8.04975
8.5002 8.8971
9.30098 8.55671
7.12564 7.35301
8.69151 7.93083
8.14335 8.98177
7.29623 5.6532
10.68224 9.39725
-1.41933 -6.83776
5.31422 3.68228
-1.11642 -6.42772
9.58722 6.46584
1.56935 -4.50521
0.17662 -9.03387
0.70181 -6.67518
6.41573 4.56095
10.25897 6.7607
7.66929 5.38167
8.26145 7.38497
5.03388 5.26377
0.18383 -7.37154
9.4471 7.58024
7.69199 5.50294
7.88875 6.42117
0.54173 -7.53305
8.02528 3.52288
11.06904 7.36602
7.871 6.568
9.17111 8.43592
0.41973 -7.25672
0.18589 -8.21076
9.8838 7.08558
10.03057 6.56695
7.52272 7.43239
8.58498 3.81218
1.12429 -6.52521
7.13251 6.44601
9.10536 5.64943
8.42618 6.75447
1.1949 -7.25167
9.76852 9.51032
-0.50308 -5.27419
-0.49829 -6.62678
7.61002 3.53082
0.93005 -7.77782
8.52142 5.63953
-0.05182 -6.85711
8.12947 3.32266
8.73654 4.52086
7.44882 6.39338
10.04316 5.57232
8.93415 7.64919
-0.99674 -8.28372
-0.16648 -7.51598
7.52444 5.36686
6.349 5.2887
5.1981 3.5322
7.74098 8.74303
0.21404 -5.16572
2.23702 -5.93641
6.9669 5.65837
7.60147 5.43595
6.27917 2.39532
7.00191 5.1918
6.86798 6.49888
0.27927 -5.46098
11.24267 6.51998
-0.01913 -7.12461
7.7177 4.38909
-0.36055 -5.99117
6.80857 4.54881
9.5191 7.22021
8.58823 2.12733
8.34429 7.30888
0.09386 -6.82738
7.93963 3.6932
-0.68935 -7.96908
2.72374 -5.89691
5.9747 5.63419
2.56106 -6.67614
-0.34603 -6.18799
9.42186 6.99225
-0.03302 -5.19808
-1.34819 -6.96406
8.69047 6.59165
8.6317 7.63872
9.52688 7.09922
-0.52923 -6.88042
0.29608 -6.05
9.36971 7.71134
7.56035 3.7324
8.08079 6.11184
-0.33796 -6.24032
6.67276 4.80858
6.69528 5.47563
-2.48303 -6.41406
6.59928 5.11097
8.15248 5.05828
9.2372 8.52391
-1.41652 -6.84473
9.34854 7.55451
8.12608 6.47303
0.01913 -6.20126
9.82204 7.41251
6.51961 4.72654
10.43987 6.25713
8.78644 7.84312
-0.69927 -4.02912
7.37172 5.13938
6.81416 4.623
-0.10959 -6.82012
-1.02654 -8.16973
11.23718 7.76851
5.52203 5.82278
8.78988 5.378
9.56809 8.10483
8.48384 7.81328
7.02144 3.23225
10.09383 7.21068
10.3136 9.54181
-1.00706 -5.87929
9.72922 7.02449
1.02796 -5.71346
-0.37446 -8.1527
9.15946 3.94366
0.24888 -6.11969
1.04263 -5.61193
7.966 7.21409
9.59621 7.32625
-0.63287 -7.28267
7.29286 5.04478
9.53281 4.68079
1.99321 -7.30113
9.54925 6.98224
6.83423 5.05436
9.16674 7.94344
0.28397 -5.88752
6.84081 5.57585
7.50851 3.50479
9.35532 8.3698
0.50217 -6.56743
0.88865 -8.70728
10.05523 5.29503
0.80733 -8.81776
7.59666 3.91646
6.7236 3.39397
7.62358 3.58517
10.75768 6.81137
-0.53884 -6.66638
1.23809 -6.57726
8.12015 4.61677
-0.22488 -7.98516
7.64381 8.4719
8.75659 8.30773
-0.84299 -6.05462
6.83261 3.04746
8.35789 6.04637
7.79485 5.94449
1.17947 -7.0956
-0.53371 -7.41301
0.85001 -7.26221
9.49897 7.60695
9.57158 7.47065
6.01753 3.70199
10.8967 5.43587
8.08529 5.16974
0.66781 -5.73949
8.81162 7.34281
-0.90298 -7.3802
7.79351 7.17623
6.92606 6.59907
1.50192 -5.19312
7.35956 4.10566
-0.21401 -8.30039
0.49159 -6.78117
-0.78839 -5.12648
5.99437 5.28121
-0.05535 -8.41845
8.90294 8.74421
7.86136 5.56712
6.72966 3.23099
7.86824 7.32546
-0.02788 -6.95548
1.95676 -5.79728
11.51023 7.00899
1.84594 -6.90967
10.06831 6.79507
9.96524 6.63065
0.0394 -5.16883
9.55139 3.81813
-2.02382 -3.73556
7.15979 4.09508
0.44922 -6.6527
7.13812 5.36368
7.75892 8.10924
-0.83749 -6.09739
1.19934 -6.10726
9.05419 7.36933
-0.16612 -7.15273
-0.35104 -6.60461
7.88048 7.55165
0.29612 -6.25341
7.86376 6.77732
0.05062 -9.76846
6.65502 4.28293
10.31277 5.63517
0.06535 -5.63577
10.08846 9.17674
-0.12369 -7.16325
8.94238 8.81697
8.08196 4.98654
1.9056 -7.24381
1.48298 -6.994
8.31837 2.74356
9.40982 6.93045
6.76469 4.20023
-0.7112 -7.49295
-1.2098 -7.58162
8.92077 7.93082
11.0478 6.74449
7.55225 4.67565
7.09545 4.89043
9.69002 7.74076
7.27854 4.79768
8.55522 8.6628
7.26286 4.6077
-2.22633 -8.97348
7.12705 4.06541
0.76492 -6.36669
7.46997 4.5435
-1.39463 -7.58755
9.4272 6.14928
6.12956 2.19528
9.72395 9.3213
7.01685 5.51741
1.32178 -7.07711
6.49501 5.89773
