60 2
-0.3889 4.95234
10.65742 -10.28261
-9.37502 6.00799
-7.43191 6.74027
1.2893 5.23312
1.88792 5.98053
8.8999 -8.46284
10.36133 -6.44274
-10.80511 6.93776
-9.01413 7.9168
1.581 6.39051
9.22326 -7.473
-11.77799 7.4292
-11.33654 5.84478
0.29711 6.55031
9.77076 -8.4482
-10.0365 5.06731
1.2324 5.17828
7.42476 -6.4828
9.65564 -7.91509
10.1732 -8.80857
1.18769 5.48977
0.27775 6.06932
-8.63235 5.66657
10.01001 -7.86991
1.04153 4.90876
-9.90845 5.27931
10.35468 -6.83964
-10.37295 5.15973
-11.56525 6.12543
-12.25846 6.96422
-9.4151 7.87249
8.68392 -10.58521
8.86707 -7.94863
-10.15357 4.69411
9.76169 -7.94118
1.29737 4.84729
0.30643 5.77953
1.60581 6.32355
10.84529 -6.63983
8.85895 -6.54406
1.3927 4.57782
1.61104 5.00524
-10.54506 6.26413
-9.76755 6.76023
-9.52408 6.55169
0.38106 6.06154
0.80838 5.7245
10.32841 -7.62703
-10.15199 5.77372
10.58023 -7.22683
-10.57691 5.60836
9.43121 -6.67623
-10.21501 6.42471
-1.05706 6.24449
-0.32216 6.46474
8.68405 -9.23722
1.69891 5.68971
8.0637 -6.4722
0.06556 6.26723
