70 2
-1.10929 3.76031
-5.22448 5.25694
-2.72205 0.58554
-1.65146 -3.79315
-1.0418 -6.75668
-6.83611 2.75283
-5.81763 2.66866
-3.31872 -5.18231
-0.90919 -5.42751
-6.32726 2.80133
-3.77826 2.74721
-7.08301 3.68983
-0.90862 -5.5924
-6.30252 4.53247
-1.87735 -3.6226
-3.55997 3.88128
-0.84805 -5.49782
0.21799 -4.34018
-4.61908 4.62876
-1.76106 -4.69994
-0.66336 -5.71756
-2.072 3.57518
-3.11899 2.78961
-1.40013 2.50808
-1.58568 -3.86529
0.51214 3.54565
-5.38699 3.52286
-6.03162 2.99016
-2.83401 3.06506
-1.19595 1.78111
-1.44567 2.40071
-5.35273 2.11734
-1.45705 -4.87065
-1.38503 -5.06596
-1.49339 3.34481
-1.76464 -3.82388
-1.20678 -5.03781
-3.11078 3.40631
-1.80078 1.44348
-1.2583 -5.00651
0.8369 -4.79695
-2.83763 4.29554
-2.62819 -3.87327
-3.19552 4.66387
-4.53111 3.98081
-2.04261 -6.44497
-1.54025 3.83265
-5.88416 5.03471
-5.11571 3.00797
-1.62 3.05472
-2.75187 -6.39195
-1.64299 3.13422
-3.39808 2.92403
-2.25366 2.59256
-5.50889 4.50049
-1.04622 -6.13956
-2.51207 -4.3882
-4.45806 3.85945
-1.98168 3.77109
-1.45504 2.6501
-6.086 3.76737
-2.17987 4.22984
-7.1965 3.94279
-6.52256 2.5311
-1.9545 5.62107
-6.8164 4.09727
-1.60829 -6.20644
-4.59657 1.42015
-2.2965 5.13059
-1.56788 4.50402
