80 2
1.1842 0.67079
9.46693 7.35911
0.9542 2.72066
7.45525 8.39023
9.85342 5.46722
9.74598 4.49324
1.16055 -1.66438
6.43972 8.38239
1.70464 0.01687
7.46669 9.78016
1.49803 0.61009
7.48753 6.44052
6.47306 7.98692
9.48847 4.60084
1.23805 1.78349
9.87015 6.30407
11.09007 6.75795
0.45771 1.40656
1.62854 2.20821
-0.01388 1.72172
2.54221 0.69841
3.17403 -0.17548
6.49879 7.26464
9.67495 6.09346
7.60477 7.28447
1.20434 0.12905
7.74428 5.41885
8.69234 5.02036
10.10039 5.28572
11.70557 5.7617
3.96163 6.08096
1.36064 0.66889
6.57367 8.5188
6.94578 9.00526
8.88476 5.51755
10.20721 6.75311
6.17067 6.60722
1.17593 1.15749
10.96446 4.90578
6.52049 7.08636
7.5666 7.65771
7.26451 9.86664
10.00167 6.3942
2.57006 0.87405
5.21388 7.66538
0.65711 -0.87628
8.13168 7.32434
7.19902 5.591
8.10361 7.75561
9.06142 5.58721
1.35036 0.33823
7.16504 5.85089
-0.55182 1.60411
10.34464 5.0744
5.97895 6.68666
10.95686 4.41706
0.40958 -0.96542
11.0639 6.11376
2.19366 0.94116
0.72645 0.46716
0.52658 0.37367
9.5907 5.01825
1.05104 1.89972
8.83427 6.02968
5.20209 6.05925
6.84757 6.87801
9.75526 4.10354
10.89515 4.84286
10.0145 5.48061
3.10282 0.11342
9.69807 6.86655
0.81827 1.30537
7.07838 7.78993
7.65364 7.48251
8.67799 5.88574
6.39487 7.20788
6.79641 6.47073
3.1903 1.36169
6.08828 8.43327
7.54266 6.72063
