800 2
4.84628 0.08135
-4.98011 3.54477
-7.17366 -5.5214
4.60969 0.59895
4.40445 -0.07005
-5.07165 -4.43233
-3.83362 4.0497
-3.65163 3.5474
5.06426 1.27126
-7.35459 -4.90597
-2.81776 3.02242
3.98574 1.12921
-7.40752 -4.26579
-1.57108 3.53498
-6.71928 -4.55393
3.92966 0.36072
-3.40045 1.98192
-2.05912 3.60832
-6.91664 -4.57464
4.45747 1.00332
-8.42915 -4.83595
-5.54383 -5.36798
-4.05603 4.10196
-3.44497 3.42247
-4.8333 3.19585
3.18207 0.40341
4.90108 1.43109
-6.1427 -3.32119
4.12998 1.42011
-2.63925 2.92199
4.91632 0.00518
-8.71276 -2.75935
-9.26449 -3.8946
-7.27296 -6.48744
6.05498 -1.6999
-7.59496 -5.17117
4.95104 0.02395
-5.48714 -3.0435
-6.18241 -4.94542
4.7355 0.26124
-3.78908 2.47386
5.31721 1.20431
-2.80172 3.64228
-7.49438 -5.58713
3.06212 0.97713
-8.61575 -5.03429
-4.37575 4.34531
2.09976 0.53046
-3.33796 3.04936
4.75833 -0.05172
6.38398 -0.65884
-7.44966 -5.49427
4.9352 -0.05293
-6.21255 -4.81324
3.76064 1.72097
-3.80075 4.48046
-2.9809 2.2987
-3.18824 4.31043
4.48624 -0.78579
-2.86061 3.94652
2.40544 0.63661
-6.44275 -4.30668
-8.65569 -4.09457
-8.61214 -5.75517
-2.13469 5.26105
5.33913 1.97934
4.99933 -0.89167
-9.75325 -3.4558
-6.65887 -6.67362
-8.02021 -5.56285
4.57063 1.44382
-7.80772 -6.03543
-6.95933 -5.69015
-2.71026 1.9414
-8.33346 -5.87201
-8.93859 -4.00918
-7.34285 -4.28813
4.17348 -0.94379
-4.25241 3.28951
-7.5447 -4.37727
6.10879 1.09668
-6.96097 -6.10596
-7.01978 -7.26131
-6.37269 -4.94829
-7.93171 -5.46466
-9.17079 -4.8317
-2.78041 4.39775
-2.93991 5.52259
-3.29189 5.12944
-2.74228 2.92986
-3.47843 4.67439
4.43247 2.24357
-7.70192 -4.89892
2.60308 3.29996
-8.06905 -6.62484
-7.66023 -3.8012
3.24956 -0.81082
3.26619 1.47171
-8.31907 -5.23924
-1.80612 4.04822
-8.71362 -4.41012
-2.66214 3.31051
-7.04614 -6.95388
-3.57848 3.05243
4.54897 -2.10612
-7.44975 -4.427
3.74731 0.03932
-2.85251 3.3622
2.25123 1.01109
3.8413 -0.22684
2.98099 -0.20055
-4.09146 6.34302
-1.81942 4.47221
-3.21828 3.13327
3.41842 0.35937
-4.85238 4.0788
-7.44144 -4.55524
2.09634 -0.38442
-7.36249 -4.12332
-9.81435 -4.58795
2.18909 0.42941
-3.53939 3.86502
-8.08266 -5.0358
-6.46972 -4.87419
5.34786 0.52466
2.75393 0.58527
-3.53923 3.27471
-3.19213 2.60974
6.33125 1.76346
-1.22849 3.03456
-1.74563 4.37194
3.62536 0.68846
6.46996 0.05975
-7.3965 -6.05318
3.68421 -0.91363
2.75716 0.01165
-6.63237 -4.71568
-4.61858 4.15126
2.2151 0.37414
3.73285 1.3484
-3.32657 3.72741
4.0485 -0.28687
-8.20885 -3.31094
-5.87026 -2.82515
-1.47841 3.15325
5.54939 2.83257
-3.64676 5.35565
2.72201 -0.61932
-9.48332 -3.35098
-7.55685 -4.41844
-5.1867 2.79243
-2.83036 2.99937
5.03182 0.59825
-5.65033 -4.54589
3.40542 1.47297
-7.46119 -4.37535
-1.84253 5.38728
4.97595 -0.20704
-9.06189 -4.93751
5.61797 0.95662
-5.53688 -4.70572
-3.30427 5.16996
4.75114 0.00308
-7.91534 -4.1261
-3.857 4.04199
-4.24448 3.7113
-2.01318 4.31652
-3.07953 5.36238
-6.96609 -4.5054
-3.43816 2.29001
-2.14656 4.98342
-3.83364 4.4804
-2.87493 4.77773
-3.53278 3.13167
-9.06011 -5.89349
4.23401 0.69761
3.92301 2.64934
-1.281 3.00617
-5.54864 5.41338
-7.5703 -3.42682
-4.76169 -2.75498
4.94325 -0.49585
-8.32866 -3.65745
-2.95538 3.77457
-2.96164 3.83258
-4.10849 2.09648
-7.68353 -5.70351
-2.56285 3.51351
5.11581 -0.82983
-3.85422 4.9876
-4.10539 4.41408
-7.8849 -5.72351
-2.27675 4.72081
3.29245 -0.64761
-6.58043 -4.6191
2.65867 0.23204
4.92857 0.83751
-7.51807 -4.95037
-2.97286 3.56884
-2.30758 3.05146
-6.67223 -4.7534
-8.63944 -5.0746
-3.75804 3.14749
-1.96546 4.60117
-3.67972 4.72624
-1.9844 3.00744
-7.04464 -4.90257
-7.39297 -5.59431
6.43206 -0.29818
-3.21447 3.7814
-3.97585 3.61989
-2.14987 4.67951
-6.43905 -5.44006
-2.46096 4.49898
1.97079 0.92919
-2.17062 3.82743
-2.88317 2.83861
4.14924 0.61119
2.39614 -0.16433
-3.392 2.53383
3.89868 -1.40972
-2.57806 3.95624
-7.81529 -2.42218
-3.18882 4.39185
4.32615 2.04822
4.68968 1.26459
-6.05811 -5.41248
4.21633 1.01718
-7.85428 -4.77996
3.22959 -1.01968
-2.71422 3.83406
-8.49654 -4.76684
-7.24536 -4.92454
-2.49852 3.50451
-2.16895 4.42922
5.84552 -0.00375
4.79256 0.131
-8.96163 -5.14419
4.19128 0.2546
5.7114 0.07951
-7.44076 -3.72709
-6.76933 -4.68702
-9.54004 -5.3581
-3.06149 5.7779
5.22507 -0.55749
-4.10724 4.51694
-3.14679 4.69305
-10.23935 -4.55187
5.45965 2.0438
-7.3554 -4.58791
2.98788 0.44172
-2.30215 5.07651
-2.77559 5.34164
-7.80116 -4.47761
-7.68224 -5.21185
4.63681 2.13814
-6.00297 -3.22074
-7.04128 -5.30108
-2.95622 3.98137
3.33465 -0.38319
-7.06244 -3.29308
4.61899 0.9419
4.02112 0.30573
-4.24469 3.15061
1.84716 0.75254
-8.15964 -5.89587
5.33428 3.23731
-3.3165 4.64131
-6.98951 -3.43653
-2.9403 4.18152
-3.13438 3.95964
4.21698 1.97648
3.21548 1.11225
4.6371 2.27432
-2.8051 2.25904
-8.6658 -3.50957
3.73162 0.47166
-4.03073 4.57974
-8.1095 -4.42637
-6.90384 -3.06676
-2.62418 3.58647
-6.83257 -4.2283
2.56366 -0.10244
3.04327 -1.16337
-3.05553 5.29474
-7.28775 -5.62632
4.01269 0.59603
-6.34082 -4.32093
-4.79658 2.41923
-4.60197 2.86992
4.73215 2.11728
5.16966 2.54716
4.47207 0.14269
4.40952 -0.84522
-1.14971 3.50286
-3.79541 4.24219
4.51203 0.42691
-3.78538 4.23005
-7.04366 -7.20868
-6.89878 -5.64229
-9.46208 -5.75351
-7.93507 -6.3684
-7.37747 -4.87968
2.88713 -0.754
4.11788 0.07687
-3.52169 3.49711
5.15916 -1.02296
5.96721 -1.22136
-8.458 -5.28911
-6.73344 -4.50786
3.10659 0.01998
2.75924 1.48614
-3.69702 3.87801
5.05211 0.25651
-3.00323 3.60279
-3.84707 3.0853
-1.03611 3.66477
2.46317 1.80912
-3.41767 2.49946
-8.33432 -3.4473
4.94631 0.34432
4.51051 1.48959
-1.99948 4.19135
-3.43724 4.76901
-3.56478 4.77601
6.77863 -0.58024
-3.51994 3.27258
4.59464 0.6056
-3.94944 5.62779
2.11799 0.08768
4.02436 1.56895
-2.96541 3.52077
-2.8605 3.48176
-6.85224 -6.3718
-2.86376 4.46002
-8.22994 -5.77701
3.24686 -0.01059
-3.06847 4.54035
-4.92784 -4.35905
-8.25413 -4.82089
-3.8873 4.16206
3.985 1.40494
-4.42118 2.223
-7.2012 -3.22375
6.81939 -1.19224
4.82855 -0.82048
-2.95433 5.13192
-6.4551 -4.15502
-7.70741 -2.71224
-0.95783 3.67222
-1.91507 3.82655
-2.53143 4.76051
-9.46856 -4.9352
-6.2777 -4.20099
-3.63786 3.96624
-7.47651 -4.22551
5.72744 2.63751
4.92599 2.00019
3.96035 0.38964
5.85361 -0.45069
-3.09881 3.69384
-7.99134 -4.84859
-8.37225 -4.02177
-9.2563 -3.5206
-7.99726 -5.21533
-8.60177 -3.60749
-6.41839 -4.13742
-1.57734 4.74073
-8.08873 -4.18169
-7.92324 -4.75359
-2.64707 4.22074
2.96289 0.99118
3.70833 0.5343
-2.44949 4.45314
-3.10288 4.59904
-2.67674 5.26533
-7.47012 -3.50388
-7.61791 -5.20717
-1.94995 3.95219
-3.8604 3.86826
-3.33026 4.13052
-8.33833 -4.32254
-7.44368 -1.52841
2.96482 -0.52069
-4.2532 3.40056
-5.08012 -3.80369
-6.2841 -5.2974
-8.14467 -4.86002
-7.48733 -5.70271
-8.61576 -5.46447
-3.3077 3.68547
-7.88455 -6.97295
4.92899 -1.92118
3.94055 0.17911
-5.30339 2.50297
5.25107 -0.58822
-2.93279 1.11164
-6.44324 -6.74897
-5.378 2.93892
-2.94576 0.92011
-3.95144 3.49234
-7.69886 -6.75015
-2.26931 6.29537
3.88864 1.26363
3.47329 -0.10995
2.59889 0.49139
6.31245 0.49428
4.02852 -0.08806
-5.69155 -4.79646
-8.39794 -6.97124
3.61649 0.24889
-2.22308 4.96217
3.43357 -0.51131
3.31706 -0.5595
2.65639 0.0925
-7.37544 -4.64669
2.98733 0.52233
-7.87403 -4.7361
-7.2467 -3.54741
4.39598 1.88869
-7.0479 -6.41314
-3.22247 5.46947
-6.25592 -5.69583
-8.36448 -4.26779
-7.17876 -5.31232
-3.24675 4.43088
3.10571 0.59188
-7.69 -4.73998
-4.28323 5.21879
-7.86639 -4.53787
-7.1039 -3.58559
-8.28613 -3.91036
5.08542 0.85371
-9.2776 -6.34467
2.93334 0.97258
-4.0991 3.65973
-7.05509 -4.97388
4.09687 1.57944
-6.6089 -5.2072
-7.25271 -5.74938
3.51666 0.69183
5.0509 -1.00442
3.01137 -0.09599
-3.70718 4.20215
-2.4508 4.68039
-2.19624 5.17493
-8.55686 -6.022
2.09408 3.77822
-7.8148 -2.38031
-6.9129 -4.92439
-2.81672 4.28188
-7.83356 -4.41974
-2.65991 3.91696
-7.87063 -4.71546
-9.40518 -5.03752
-5.9608 -5.53086
-9.16735 -5.67196
4.01021 0.168
-7.35354 -4.20086
4.68016 0.90524
4.5429 0.15243
5.48577 1.63188
-6.74652 -3.69461
-4.0635 5.09265
4.23478 1.77592
-7.32885 -5.85294
-3.83678 6.12013
-1.99325 3.59653
-3.26886 2.55601
3.55911 2.04694
-6.93239 -6.14377
-3.377 5.18386
4.59472 -0.04435
-1.59238 2.44027
3.84031 0.71531
-7.27236 -4.28666
-7.67902 -4.5332
-3.28004 5.6338
-6.4738 -7.47649
4.57162 -1.39907
-7.78205 -5.68985
-1.12121 4.76048
-3.70145 3.99827
-2.73219 4.08987
-3.83113 3.53789
-4.08219 4.63462
-2.53758 4.11368
5.33183 -0.39126
2.8779 0.51378
4.61834 0.69739
-4.24969 1.98909
5.32289 0.5786
3.6049 0.24793
3.28644 1.41534
2.2155 0.84565
-3.01009 3.39421
-7.98904 -3.11139
3.2442 2.86265
-8.78281 -4.42253
-9.2406 -3.36854
-8.06089 -6.63732
-7.86444 -5.25174
-2.71289 4.05427
-2.17637 4.03032
-2.33419 4.18253
2.40802 -1.79726
-6.6908 -5.0282
-3.27405 4.5097
3.47527 -0.47227
-6.85092 -4.80289
-1.57214 3.04479
-7.66696 -4.80692
2.84684 0.76862
-3.66826 4.28124
-5.44026 -3.99549
6.02044 1.24967
1.64381 -0.46195
2.05548 1.0093
-2.41315 4.82813
-7.26947 -4.35409
-8.19314 -3.50585
-1.22161 3.15014
3.05899 0.66008
-8.25006 -5.45111
-2.26826 2.72218
3.49171 1.04871
4.12461 1.10926
-6.91993 -4.5611
4.01592 0.08405
-4.15281 3.79272
2.65009 0.29352
-8.25389 -4.93828
3.33807 -0.83222
3.20845 -0.19292
-1.57288 4.74433
-6.79403 -6.1142
2.81949 1.82148
-7.6242 -6.03409
-7.65636 -5.32268
2.86162 0.17678
4.16388 0.4875
-7.01347 -5.84057
-1.03033 4.45984
-2.22941 2.73315
-3.13372 2.16638
-6.81123 -3.46394
5.15055 0.92614
2.26687 -0.77655
3.25439 -2.27563
-1.96155 4.96239
-2.1696 4.41499
-7.82052 -3.62227
-8.28379 -5.5913
5.14139 0.29412
-3.57593 5.29904
-6.68003 -3.99676
-2.1202 3.20418
4.72237 0.6052
-6.18991 -4.61992
5.03423 0.34501
-7.17174 -3.83677
-7.29908 -3.75873
-7.85796 -5.80257
-3.5928 4.08653
-6.58867 -4.8038
3.66798 -0.67922
-8.34355 -4.64694
-1.05107 7.32018
-3.02763 3.38406
4.70862 1.87381
-8.25461 -5.59136
3.04174 0.29433
-8.30375 -6.25535
-6.59018 -4.98649
-7.88641 -3.97013
5.00671 0.33127
-6.43202 -5.34179
3.9564 0.81196
-3.52862 2.21749
-8.42945 -4.01487
2.97661 1.98749
-3.94437 4.71978
-6.60036 -4.06234
-8.59771 -5.50902
-3.75287 3.57298
7.12431 -1.41342
-8.09475 -4.08953
3.95304 0.07093
-8.06447 -3.07439
3.66569 0.69117
-3.57707 4.67482
-6.64032 -3.86728
-4.25065 1.40211
-2.99674 4.03114
-0.81885 2.89859
-7.04057 -3.34668
-7.50218 -5.20525
-6.55113 -6.2209
-3.2866 3.38569
-6.2761 -4.86822
-7.50999 -3.36917
-7.55569 -6.29607
3.45093 -1.85478
-2.11122 4.02511
5.45023 0.20211
-7.08144 -5.28962
-2.15304 4.24164
-4.86436 2.8335
3.82985 1.63883
5.2844 -0.64116
4.08926 -0.09015
-2.46818 3.52407
-5.6422 -2.11201
2.50897 2.08906
4.61308 -2.42609
-3.49038 3.50206
-2.38934 3.40893
-8.72158 -4.61326
-7.14052 -3.3689
-8.11664 -4.71179
5.81672 -1.41213
-6.37781 -5.36389
-6.69379 -3.90368
-2.99152 3.26453
4.87302 0.93962
-3.72909 2.25431
3.22491 1.79188
3.26906 -1.44431
3.13469 1.41168
2.74394 0.24925
-7.53545 -5.66932
-2.88114 3.69117
-5.99599 -2.99525
-8.48157 -5.02673
-1.56449 2.2764
3.65746 -0.12759
-2.59745 4.12614
-4.08931 2.7784
-4.0477 5.81459
-6.57191 -4.97868
-1.69966 4.01943
-2.66886 3.02858
-10.26936 -6.22303
-7.18212 -3.58501
-9.39339 -4.65933
-3.49152 4.45516
-3.63545 4.1015
4.61494 -0.45115
5.82423 -0.25226
3.11623 1.063
-6.97403 -3.6563
2.70553 1.28031
0.1317 4.31811
2.93052 0.76729
-5.27948 1.64433
-6.80352 -4.19112
-2.37632 2.4038
-3.3731 5.72869
-8.91467 -5.99963
5.6216 0.83654
-3.35692 2.86094
2.8908 1.00419
-7.15837 -2.2344
-5.91057 -4.5701
-3.7458 5.58042
-9.17905 -5.60869
-8.43712 -4.88914
5.25526 1.50003
-1.199 2.87188
-4.42202 4.24736
4.09328 -0.53628
-9.52183 -4.94004
-2.39885 2.31516
-7.50224 -3.40839
5.16061 0.01592
3.48638 0.4372
-1.90886 1.35512
-7.00345 -3.60704
4.72073 -0.57545
-2.43822 5.01746
-2.93282 2.26837
3.68547 -0.30961
-6.46996 -5.74503
4.02466 0.45317
-3.51624 4.45506
-1.40617 3.27284
-7.00208 -2.47199
-7.60963 -5.58732
-8.83425 -5.31354
-2.46129 3.48323
-3.13702 3.59129
-4.88564 3.39137
-2.27478 4.58459
4.72551 0.53899
-1.67124 3.85635
-2.20796 3.7867
-7.77034 -3.93939
-2.79222 3.82517
-2.38708 4.79235
4.20601 -1.01328
5.63551 -1.28649
-2.74273 3.77102
3.59391 2.36286
-1.93924 4.45934
3.21236 1.19905
-7.12944 -4.87192
2.76385 -1.05695
-6.62986 -4.41558
-6.77555 -5.87025
6.54319 0.63561
-6.01221 -4.71749
5.27897 1.26795
-9.01747 -5.09324
-3.57007 4.2961
5.51073 -0.26762
5.14325 -0.55855
2.68954 1.38581
5.27178 -1.18723
-3.39311 3.8568
5.02571 0.27208
-3.93484 4.90965
-3.37806 2.34543
4.9977 0.17193
-9.41872 -5.28156
4.69416 -0.75367
-8.05329 -4.7748
-4.40012 3.74701
-2.31242 3.33496
-2.76838 3.68186
5.59916 0.71423
-1.93027 4.3179
-2.02434 2.78089
-8.02692 -3.41022
5.04557 0.6619
3.28411 0.74372
-3.94274 4.9633
3.34744 -0.04319
-8.97729 -4.15339
4.19984 0.24988
-3.60663 3.98844
3.05326 -0.73744
5.72513 -0.50145
2.62424 1.88829
3.59878 1.00906
3.41361 -0.03309
4.3125 -0.70935
3.47577 1.27552
2.59438 0.87265
-5.14642 3.14292
2.72135 0.16309
-4.11243 3.11695
-7.61645 -5.95048
4.48354 -0.30989
-0.52876 2.68766
-3.72481 4.87142
4.17444 0.32721
3.09892 -0.08787
4.21289 1.37918
-2.04642 5.13182
4.22276 -0.39488
-7.42644 -5.17061
-4.90479 -4.13451
6.20648 0.69609
-5.65843 -4.2221
-5.54829 -3.84908
5.00681 1.64571
-3.97875 4.23525
-6.1957 -3.78923
2.69414 -1.54274
-2.22567 3.64948
-7.32144 -5.60966
3.48506 0.27786
-8.0242 -5.34144
-7.16648 -2.87034
-3.50451 6.06712
3.64184 -1.02191
-8.29911 -4.992
-3.18064 6.05887
4.84541 -1.70868
-3.03593 4.41772
-3.86315 3.67595
5.39147 -0.74567
-3.50082 4.13539
4.31411 0.66327
-7.73425 -4.0648
-4.34421 2.72662
-9.29519 -3.89853
-7.55329 -3.22634
3.97159 -1.09887
-3.05995 3.63962
-3.75402 5.01898
3.63734 -0.39733
-10.10637 -5.06629
3.79979 2.25236
-2.70979 2.82246
-5.64574 -4.32491
-3.34657 2.34028
-3.6921 2.25812
-4.01372 3.41485
2.97368 0.93309
