90 2
5.28216 10.0819
4.17898 8.76036
-1.45631 9.08235
4.92349 9.22648
-10.44232 -2.53616
-9.73254 -2.69331
4.95124 8.95607
-9.31232 -3.69783
-1.19545 7.31365
-1.67767 8.82312
-9.78966 -2.99366
-8.87131 -3.74595
-1.02702 10.56496
4.07627 10.09134
5.22189 10.12307
-7.81008 -1.88678
-0.38863 9.0834
-9.26658 -3.32412
-7.27747 -2.75188
-2.00744 8.33939
5.11072 8.86175
4.53976 9.67745
-8.19367 -1.48788
-1.69117 9.0673
-2.26038 10.36024
-7.27127 -2.49839
-8.34404 -1.59384
-9.06544 -2.10593
-6.46405 -2.94982
-0.89833 7.72464
-7.65178 -2.04042
-10.63416 -1.25939
-3.06994 9.90975
0.80866 10.13106
5.71155 9.90574
-9.25302 -4.0527
-9.53482 -2.83716
0.41676 7.41435
-9.26654 -3.81461
5.1738 10.047
-1.89938 7.90074
5.55186 8.59904
4.22945 8.05021
-8.80401 -2.74132
-2.03076 6.591
5.06637 11.01848
-1.3142 7.96629
4.50151 9.11869
5.07885 8.57763
-6.97815 -1.78947
5.73502 9.33515
6.11692 8.27885
-7.62874 -3.98809
5.39687 10.84917
5.4906 10.14907
4.48089 9.49093
4.03009 9.04568
5.84858 11.49044
4.89631 10.56382
-0.84726 10.27162
5.1628 10.99767
-7.93209 -2.95984
-2.26938 9.79477
0.41958 8.29788
5.79431 10.47001
4.11777 8.66271
-2.22819 9.30327
-9.69409 -2.9074
-1.71646 7.98193
-8.72059 -1.89385
-1.8465 6.93611
-1.88208 9.2557
-1.36675 8.97238
-6.97556 -2.87792
-9.07443 -3.16786
-7.68113 -1.54615
-6.73501 -1.63738
-10.09335 -1.78308
-0.17525 8.51796
-2.62152 7.74301
6.14551 9.57019
-7.53754 -3.27627
-2.40883 7.07215
-1.42296 11.1109
-1.14717 8.3153
-1.17753 8.67021
6.49709 9.2894
-2.13786 9.62885
6.44574 10.77075
5.26303 9.27848
