100 2
5.93248 9.63219
-1.81069 9.40277
-0.0163 9.16419
3.80439 7.79031
5.73624 -2.93729
6.23413 -4.63238
-1.58816 10.80832
5.32018 14.34115
1.76321 10.42388
9.80025 -2.80858
7.52526 8.47484
5.31652 -2.71596
2.49357 2.47434
0.35491 11.67279
6.69992 10.34897
12.09043 -7.52979
2.33635 6.90458
6.94143 -4.23726
1.89235 8.41526
7.57609 7.20057
8.35461 7.86996
4.19043 -3.82901
3.64681 8.33652
8.27215 -9.18999
1.15877 1.48581
-2.30155 7.39239
2.95786 11.2487
8.58586 -4.98392
4.81958 4.99749
2.87022 6.83357
9.10064 7.64448
2.51914 10.09351
0.93427 4.82094
2.99201 4.15409
4.92062 7.44339
6.09886 7.67276
0.89156 8.70977
5.5136 -2.87075
3.66379 7.74908
1.78736 12.58343
4.36662 7.997
4.42797 -0.83067
4.48049 10.54105
7.16958 -1.01836
3.96792 4.59898
5.17259 -7.30971
9.33656 8.20458
8.66543 7.5082
1.26973 7.02908
3.85218 4.76264
7.59628 -6.9271
5.99382 8.90022
2.05839 -5.80391
5.14412 6.39951
4.77113 10.7698
2.43682 9.70941
1.11178 8.94282
1.99243 6.87553
5.38225 -4.11388
6.39004 -4.59959
8.05337 -8.12746
3.98595 9.24478
5.1607 11.29832
4.62272 7.2858
2.33127 1.29431
1.6525 13.82234
2.64819 -3.56772
2.36986 -4.18991
3.32417 -2.55286
-0.06147 6.72079
5.8731 7.78179
1.86739 8.04436
6.2599 8.45855
1.57419 9.18032
2.76541 -4.5706
4.37763 -1.36732
3.82489 10.26369
4.87322 -4.44262
4.61943 10.53434
3.58202 7.70097
4.85758 10.42288
6.93923 8.1761
6.72183 11.33182
2.68757 8.2337
3.58514 -3.27192
4.67646 -0.91269
2.31255 -4.00192
5.61553 -0.60924
4.73782 -3.3952
8.02199 7.20995
4.7309 -1.97081
10.46516 8.60851
6.38226 -4.29674
2.67035 5.9464
2.47858 6.65109
5.08121 7.5642
1.36094 5.93054
4.17733 5.03094
5.71945 6.44788
5.51994 6.05681
