1000 2
-2.0827 -3.66936
-5.19931 -2.61133
-4.73525 4.72402
0.41711 -7.32946
7.35951 1.65737
8.41001 5.06312
5.61743 -0.69224
3.63162 -5.91827
-0.30602 5.41068
0.2636 -7.57086
1.69939 -1.04864
3.72496 2.4466
4.42166 -1.61124
5.08408 2.94737
-4.38049 -1.85359
0.0012 -3.36354
-1.18949 6.79785
-2.12535 -9.48927
-4.99269 -2.56689
6.72333 1.70142
-0.74524 -7.37236
0.75067 5.83178
-1.65194 -5.57514
-4.20715 -5.93199
-4.70058 -4.11656
1.78485 3.18282
7.56132 0.91061
0.97461 5.44313
-3.81552 -6.74601
3.47433 1.39263
3.47064 3.73136
4.60475 4.23478
1.27111 -6.5619
2.18342 0.35286
3.80308 2.21329
2.93198 -1.03313
-3.54635 -4.64526
3.64807 1.55247
-0.32725 5.60823
-2.51465 2.26088
-2.87657 0.6066
8.02346 3.16872
2.13138 1.79042
0.07706 -2.81353
1.88747 3.77912
5.66774 0.06919
0.70838 0.5546
5.09568 -2.3978
-3.13258 3.02468
0.31028 5.89476
-1.14311 6.06435
2.02311 2.02634
-0.61019 -8.19076
6.76954 1.86614
-1.66021 -8.80963
1.67696 6.0085
5.43315 3.06846
5.42213 -2.40322
4.0173 -10.9049
1.77047 -8.85748
-4.90717 -7.05826
-2.13999 -7.96608
5.54535 -2.13645
-0.93331 6.17305
-2.11177 -6.49729
7.18207 -1.66672
1.05343 2.88841
-1.86368 4.44381
-0.66818 1.44168
-5.43892 -2.31712
0.87997 3.31581
-0.02392 4.88386
1.49236 0.40996
-3.14407 -6.87431
6.42704 -5.41474
-2.0492 -4.5242
-3.56538 -4.1622
-1.33167 -7.05811
0.27817 7.13253
5.33262 4.17371
-0.93075 2.87117
2.39846 -0.47985
-2.98013 4.72186
1.27209 1.99573
-3.92756 6.03368
-1.09153 -5.84601
5.28766 2.00499
3.1935 6.69899
-3.20528 5.92955
8.64028 1.66697
2.3111 2.42795
0.71878 5.49981
-4.09441 -4.16941
3.66793 2.80982
6.63385 1.8
-6.83352 4.22329
-4.25768 -4.32284
5.87876 1.2768
1.81059 6.97838
-1.47354 2.02387
0.79431 -3.30889
4.39865 -2.08507
5.16191 -0.15194
-1.23751 -6.50262
-0.84496 3.338
-1.22627 5.42318
-4.50303 -0.50612
5.42257 5.58723
0.42016 -0.73481
6.49968 3.47388
4.36295 1.31658
4.43224 2.82704
3.83882 2.97234
-0.42306 3.96289
1.54514 1.43189
-2.51634 -9.25012
-5.10704 -2.23962
-0.82392 -5.86147
4.01429 1.94496
3.77793 -1.54929
0.08228 7.5729
4.14844 2.66531
-0.00694 -6.27295
1.9658 -0.41147
-0.74275 2.9683
2.21356 3.44349
5.23328 0.14304
1.63348 7.16553
4.63369 -0.83192
2.77395 -3.38307
-1.92456 -4.26482
2.71994 2.0801
-4.32253 2.90698
-3.13971 6.52311
1.52698 0.5757
-1.79291 -4.54574
7.8363 0.74498
-0.04948 4.66685
6.84923 2.03259
-4.78309 -6.73206
7.74281 2.04607
5.31041 0.0411
8.31855 0.65012
0.34833 0.32274
1.68539 6.68695
7.87204 1.38836
-1.73248 -5.74873
-6.24538 -5.46253
-3.09368 -8.94484
0.09134 -0.42143
0.52664 -4.33324
-1.96179 -5.21136
3.41723 3.28744
-4.48547 -2.98894
-3.6553 3.59462
-1.19837 4.71368
2.39063 5.42197
-0.13358 -4.97185
0.72369 -8.2486
-3.524 -8.3344
1.11341 1.2828
2.7691 5.3241
0.34412 -5.40557
3.32959 -0.88096
-0.48891 -5.13071
2.95441 -1.2491
-2.14729 1.12658
6.35955 0.93156
-1.47422 -1.5042
4.55166 1.69362
5.26004 1.93236
4.71096 -1.31833
0.56641 -3.24538
4.08083 -0.65748
0.78582 -3.84382
6.38156 4.31137
-5.54282 8.51432
-5.20846 -5.46805
4.08162 5.29782
7.3652 0.15392
1.52864 5.03055
-0.15101 -0.57177
3.22062 -0.26969
-3.10566 -1.3889
2.15726 0.79262
2.92407 5.45316
6.23274 -3.27992
7.02429 -0.59809
-3.71475 -3.67002
6.56013 -1.26573
1.35493 0.23126
2.80475 4.08011
1.12388 7.2961
5.40455 3.90447
0.8104 5.19086
-3.25115 -7.48522
0.35554 -0.33114
-3.92947 -3.55999
-0.51778 4.19733
-4.36739 -0.70239
4.41493 1.70229
2.02547 6.21017
0.86985 -6.43623
-0.00893 3.18601
-5.5722 -4.31861
-2.6493 3.46912
4.85861 -1.76655
-0.20596 -5.33494
3.90189 -1.4741
7.91766 -2.11872
0.49111 0.63226
4.14711 -1.22599
-5.00148 -4.90981
-0.01771 -5.05073
0.76677 -4.54473
-0.37868 5.21692
-2.5414 5.52175
6.43946 -2.03581
-3.70121 -3.22225
-0.7395 6.86939
-3.90391 -7.14539
-4.81761 -2.43044
1.54058 0.40553
-2.05074 4.1345
-3.32526 -4.22203
-4.29714 -5.41848
2.14674 -4.35306
3.2163 -2.30888
-5.10039 -4.26063
8.12454 3.49468
2.08795 -4.49893
-1.32246 1.5566
1.78117 -0.28255
-2.00402 -4.25423
-2.55182 4.01832
7.8509 -0.76945
2.60142 -4.8333
4.91504 1.50679
-2.24512 4.04123
-6.04731 -9.83968
1.09878 2.18833
0.40495 -1.42694
-1.16568 -6.33618
-2.38931 5.60752
3.43385 3.99124
-1.09973 -7.64753
-3.32395 -4.80271
-3.14702 -6.23628
2.51463 1.81541
3.96981 3.65108
-3.03849 5.72226
2.11435 2.58406
-1.19784 -0.64248
1.03208 -0.70314
4.3262 -2.85865
-3.15904 -6.05445
2.10674 3.63852
4.17923 0.54203
-6.20838 -4.93007
1.93837 1.33853
6.28605 -0.32364
0.29526 -5.40162
8.06191 2.00431
-0.67339 9.4342
-3.13269 4.54288
5.2312 -3.10021
5.35518 3.02568
-1.69184 -5.30806
-3.71502 6.81411
2.54107 4.7893
5.8905 3.62168
3.48717 2.28778
3.69349 5.24106
2.19558 -2.79926
2.14229 3.20781
3.7295 -0.33642
6.12703 -1.17813
0.85661 3.04084
4.22887 12.06198
-1.23838 1.62824
-1.16045 6.14627
2.53588 3.40187
6.33634 1.40351
-1.49979 -5.03969
-0.98234 5.30978
-1.78505 5.39259
-0.5717 -4.24978
4.62741 1.5139
4.06446 -0.997
3.50623 5.78288
-3.22727 4.48536
-6.55059 -4.25817
4.6197 -0.70745
6.25314 0.85111
2.97221 1.58898
3.59927 0.71176
-1.93866 -2.70964
-2.33761 8.62485
8.14765 1.98059
3.65967 1.21734
2.84301 -4.23093
4.6188 2.69809
3.12382 4.16482
3.06224 -5.03439
4.76462 -3.05289
-3.34993 -5.4688
3.75013 -7.52138
4.62014 -3.06095
-2.92834 -6.01204
5.89029 -0.00545
1.18112 3.80368
1.94762 4.4366
-5.63448 -7.84199
4.14334 -2.33559
5.8584 -1.46759
4.06951 2.86442
5.34825 1.76736
4.4627 0.2352
2.29537 1.60699
-2.75615 -7.08348
0.30725 2.34698
-1.19844 -0.70325
-3.79585 -7.52658
-3.3062 -6.09996
3.1439 2.57702
3.45588 1.8021
3.19959 -1.39862
4.68201 -4.46828
9.34764 0.72237
1.26679 -3.27904
-0.55889 4.86714
0.02377 7.84469
-0.815 -5.46484
2.67072 6.59912
-2.27233 -7.86949
-2.0344 -5.71789
0.94348 8.33999
2.52168 4.25988
6.75525 -3.03456
-2.57526 6.78531
3.17508 0.05514
7.96039 0.38896
3.184 7.18029
7.6432 -0.84182
9.42809 3.98018
-1.86182 3.31613
-1.30989 -5.67453
-2.42611 -5.76647
1.55652 2.3462
10.97718 -1.12739
7.10298 2.09157
2.71386 -3.90625
-2.65902 -8.27013
-1.77556 11.5215
1.44848 0.13932
-1.36761 2.63519
-2.33577 -6.83953
-2.47186 -7.45564
-2.9418 -8.46774
-1.69379 -6.64588
-3.33171 5.68716
-0.31908 3.61788
3.47077 2.39838
5.68799 0.03524
1.81031 -2.56087
-3.22311 -7.85531
4.8271 -0.82722
2.51341 2.46829
-3.50125 -10.02251
4.28 3.16282
2.17266 6.60428
7.42858 -3.00465
1.64539 -1.61776
-1.34029 5.80402
-3.89098 -7.56176
4.07586 -0.1572
-1.19471 -3.24387
-1.24809 2.24243
-4.50684 6.52628
0.47309 -4.76183
-3.3128 -5.59673
-1.68744 0.02524
-3.77065 -3.65622
-4.10597 -3.33942
7.49939 -2.06599
3.02481 -6.62681
-2.19227 -6.4633
-2.55915 -0.03246
8.55397 2.80918
0.97983 5.7034
-2.03547 -8.94952
-2.96657 -4.71628
2.57408 4.6925
3.12101 2.32572
1.30065 6.18057
-0.14445 4.03735
4.50733 2.86057
2.9617 5.2436
0.25446 2.03376
7.09522 -4.81211
-2.69645 3.09542
0.27528 -6.22015
6.77694 0.45926
6.28974 3.96276
4.58941 -3.02879
0.8901 5.19735
-2.74067 -4.31178
-2.38662 0.75068
-0.89483 -8.35996
-2.68136 0.52943
-1.23622 -7.36048
3.12501 1.36945
2.27482 -6.31118
-0.92953 -1.55274
-4.78368 5.82444
1.86595 1.51344
-3.27583 -3.80545
1.87101 3.99465
6.21235 2.67973
-2.32245 0.52603
0.25206 -0.07046
0.29612 1.19121
-1.12832 1.22405
2.76861 2.24695
-2.81851 -3.20642
-2.54455 -5.59306
4.34006 -1.36792
-1.52139 -5.29899
-2.02892 -5.82495
5.77424 2.45424
8.19376 -4.90271
-2.0349 3.76881
0.01448 4.41357
-0.67211 3.51641
8.78008 1.3706
-3.63052 -4.46355
-2.0094 -3.09421
4.23239 5.23002
2.67359 -0.09162
-2.45091 -1.82261
-0.16751 -4.57679
7.04683 1.073
-3.66931 -6.84336
0.53097 1.5417
0.11703 2.00588
-0.6267 -0.76782
-5.38547 -4.05496
5.43073 1.96561
2.35729 0.83085
-2.39192 3.50388
-1.06403 -0.78123
0.56061 4.98003
4.14231 -1.11438
-6.58273 -6.23685
-1.18444 -3.66713
-1.95005 -1.95827
-1.12614 -6.23133
5.0385 -1.04319
-0.30657 -6.67664
-2.03989 5.90208
-1.70011 4.19256
-0.84408 3.20942
6.09838 1.52179
3.74378 -0.74227
-1.18128 5.82373
-2.56032 -5.61432
5.34543 -3.81019
2.71654 1.96679
-1.31571 -0.20843
5.09857 4.05158
5.49288 0.38713
-4.70623 -8.02332
-1.91671 -0.68952
-5.09693 -4.554
1.49306 3.95791
-0.81907 4.80761
-6.0167 -4.44605
-2.70291 3.8573
-2.50466 1.54341
5.9403 1.0391
-0.24839 -4.70464
6.3136 0.87155
-1.4394 -8.69732
-3.58189 -8.46305
0.58979 4.71592
-2.54567 -3.03519
-0.63007 5.22838
6.83694 0.52024
-2.63042 -7.32522
3.04657 2.83574
-5.22835 -3.52649
-0.50906 -2.63299
6.26327 -0.02581
-2.08243 -3.89549
0.79898 1.49123
1.36329 1.01746
6.12258 2.72604
-2.28798 -5.21536
-2.27089 3.64942
2.49282 -0.96709
3.29568 2.70117
-1.35445 -2.94531
1.23147 5.10469
-2.66995 -2.13179
4.16527 -2.18271
-0.36504 -7.48292
5.89825 0.49973
4.34115 -1.40316
2.88192 0.4586
8.55949 -0.79896
-1.81522 -0.99848
2.07759 1.83742
2.25182 1.48651
-5.92228 -3.49307
6.80352 0.31935
-3.50943 8.65118
-0.90256 -4.12828
2.83876 0.91922
3.589 -2.23509
0.19661 -6.9754
-3.39829 -10.13477
-0.02796 5.54474
4.29489 -1.77612
0.40493 -5.49149
8.31635 3.14548
-4.59256 6.03091
-5.22878 -5.63208
-0.90475 6.58617
7.71701 1.10501
6.37747 0.49068
-0.54173 -4.42414
-0.18035 4.08617
6.74264 3.52491
-5.98932 -4.17759
8.00118 3.39192
3.62572 2.51688
-2.1876 -8.64953
6.08982 -3.05733
-2.6539 -8.66992
2.73997 -4.4491
-0.87285 6.15277
0.08676 8.60754
-0.41334 -1.51611
-2.59706 -5.21655
-2.11231 -5.00948
1.30966 8.16421
3.0245 7.21611
-2.66303 -4.85229
-0.3192 7.15453
2.36172 2.50577
-0.34749 5.95438
3.75867 3.42523
0.87488 3.17065
6.18872 1.4162
0.05067 7.52481
-1.48848 -7.4326
-2.36543 -6.4358
1.33861 5.84402
-3.46789 -5.88182
2.71659 0.39214
-4.81342 -4.79375
-5.52239 -5.71609
7.21454 0.02254
-5.33757 -2.27108
-4.01492 3.1925
3.16311 3.45542
-1.81355 -6.38707
-2.15891 -4.499
-0.59001 4.844
-5.64415 -7.60285
-5.65667 -4.09169
5.05121 -3.88372
-0.24214 5.87582
-3.12173 5.79435
0.88952 6.4223
-2.67428 6.29414
-2.96327 3.74685
0.19219 4.0917
-0.95751 5.22042
0.73125 2.62644
-2.65413 -8.02817
0.70199 -6.23702
1.10581 -3.55334
-2.45402 1.47643
6.00167 2.7983
-2.31357 5.14556
5.14026 5.24902
-1.0148 -4.11384
-3.73489 -5.22597
-3.77262 -5.55864
1.30562 1.47854
1.60805 1.91915
-5.07382 -3.16822
-1.60492 -7.79735
-2.91414 5.26526
-5.05108 -3.10088
0.19407 6.46538
3.82568 3.40477
-6.24562 -5.49077
3.83767 -0.36188
0.34178 -2.32672
-4.68579 -7.24222
-0.52323 0.35531
-2.75592 -4.31504
-2.20087 -7.13855
5.51592 4.90374
6.06513 0.36801
-2.71461 -5.50182
6.74003 1.66563
-2.02016 -6.22742
-2.86484 -2.95116
7.52291 -3.53485
-3.39407 -5.51423
-0.99173 0.20951
-3.89312 -3.70542
5.04904 -0.29485
0.97478 0.41976
4.17355 4.17306
-2.25013 -4.09321
1.8686 -2.25809
6.73597 -3.24544
-4.82937 -7.42139
4.45744 -1.30817
0.92236 3.35838
2.53516 4.42204
-7.52226 -5.65257
3.16158 -3.58387
6.26032 -1.26691
1.01226 2.10167
-4.53825 3.8098
-0.76125 3.37204
0.16354 -5.47154
-6.60383 -7.7024
0.72423 3.34348
-4.18545 4.34665
-2.79147 -4.97151
0.90146 -3.65699
-3.5172 -3.72951
2.76013 0.12968
-4.97537 3.81728
5.02336 -2.19094
4.77212 -0.7201
7.10373 1.43077
0.90412 6.30234
-1.72664 -5.56416
2.46661 -0.22839
-5.57545 -3.16759
-1.58255 5.26405
3.26304 3.53862
0.62979 8.27171
-1.07838 3.74368
-2.6526 -3.4998
-6.39201 -2.36815
-0.51988 -3.23148
2.39926 0.81079
-1.5363 -8.65674
-0.57795 5.19771
5.69409 -1.10358
3.29764 1.19166
4.75398 -1.35802
1.92239 6.33214
0.56641 8.13163
3.10475 -7.31881
-2.29811 -4.47222
1.36405 -2.13278
-1.77244 5.53481
5.8779 -0.51412
-3.72835 -3.07056
4.11752 5.28045
8.42935 1.72779
5.47751 -0.52117
-3.40867 -0.28715
4.38646 1.47068
1.28451 9.99444
-3.37901 -6.23949
1.32394 -7.62071
-4.78487 -5.19006
5.32348 2.706
-1.43542 -4.3372
-0.62043 -9.33676
4.13122 0.03484
-4.72764 -3.11342
3.11295 1.32863
-2.01568 -5.96124
-0.8865 6.96243
1.8667 3.93095
-3.97023 3.83306
-5.54645 -2.79432
0.02508 -0.20587
5.2456 5.71495
-2.47233 1.14929
-4.05382 -5.23509
6.67313 1.50564
1.97809 4.04868
-4.45612 -6.64617
-0.22706 5.20864
2.27941 1.55926
-2.22663 -8.78861
-5.25199 -6.87883
-0.86287 -7.78641
2.82691 5.86384
7.16925 3.17176
6.70396 2.19747
-1.30311 0.67666
3.15239 4.80074
-5.60263 -4.30608
-0.08384 0.85915
5.03626 -0.87634
2.44736 9.62036
-2.94783 4.88006
5.59503 -0.34546
8.37552 2.87015
-1.60014 6.78755
2.22088 5.34886
-4.97772 -6.15374
2.83332 5.04851
6.23291 -2.68808
-3.1366 -4.64887
-5.55458 3.81288
-1.95502 -3.15369
-1.64701 -7.02951
-0.13232 -4.41554
7.80902 0.44143
1.0294 0.61293
0.42156 6.75565
-4.09891 1.35377
5.48995 2.12635
5.02755 0.7194
2.03659 5.38678
7.97982 0.91222
1.87167 1.75014
4.57181 -5.35577
8.28225 -2.75022
-5.7165 0.37487
-0.86672 6.51414
1.15979 9.28619
4.45615 -1.04987
-5.26683 -9.0199
-2.92465 -3.15202
2.68086 3.4084
-0.3529 3.2464
3.9806 3.71002
5.35724 -2.10072
1.26763 0.5718
-0.87914 2.33514
3.13376 -3.8298
5.13501 -6.94535
-3.79158 4.76181
-7.12206 0.96632
0.94402 -0.88355
3.09476 0.93194
-0.54386 -3.97304
-2.36978 6.7628
1.58977 7.49388
6.03923 1.48942
4.72577 0.05433
-0.63166 -5.65089
-0.17008 -3.62175
-1.46878 -0.6864
-1.29386 -3.54257
4.85045 0.22115
-1.15909 -4.02313
9.47882 -2.28395
-1.46098 0.9332
-7.57505 -5.60818
1.18099 -2.06169
-3.44582 -9.37399
-2.14766 -5.48242
9.11202 -0.0335
2.3351 -8.31613
1.56843 2.30489
3.53883 7.00909
0.0232 2.30182
0.5251 -6.12237
-4.39766 -4.5047
3.09609 2.27279
5.06449 0.79582
7.51229 0.92456
2.58502 4.42426
3.77195 2.73903
4.35717 0.99533
-3.56484 1.5099
2.84344 2.80761
8.6287 -1.40103
0.62408 -4.39725
-9.04485 -5.20892
5.49994 -2.72311
-2.9595 9.87789
1.08984 5.82383
-2.06484 4.80649
1.3241 -1.92849
-2.63532 4.61202
8.11373 -3.07394
4.10346 0.10723
2.68508 3.47497
-0.39696 6.75432
-3.74717 4.00554
0.89268 6.40751
0.75753 5.70041
2.56433 3.16442
4.89179 1.7867
1.00702 -4.36955
7.24779 -1.18594
-1.92388 -7.26805
-0.5904 -3.62879
0.09471 -2.0561
6.81616 -0.79915
1.9445 -2.38914
6.92522 -2.88166
2.99316 -0.01543
-3.74754 -4.32776
0.77286 2.66307
-3.31745 -4.17164
-0.27737 5.75232
-3.39025 1.66077
6.90671 -0.04406
-1.97324 -5.53768
6.5402 4.22548
-3.91475 -7.56453
5.61861 0.76277
3.16902 -1.00135
-3.14948 8.32945
-0.19127 -0.35639
-3.61305 -3.19772
-1.11713 -2.5186
3.22299 -0.55062
-5.25351 -8.06336
-5.52238 -0.10507
0.55081 4.20336
-1.11224 4.12046
1.95082 -1.42033
1.83027 -0.02392
-2.31302 -6.93538
-2.00086 0.65227
6.3839 -1.33319
-2.49025 -3.8513
-0.85484 6.52963
4.27552 0.85537
3.20846 4.7322
-2.92871 -3.01594
3.08658 2.92111
1.5764 0.2715
3.76035 0.79458
-2.50864 -12.20275
3.06344 4.03335
4.46914 0.60581
-1.71474 -6.72811
-2.16613 -3.02195
-4.56097 -3.71987
-0.53479 0.59885
3.04758 2.64392
3.08754 -0.83119
4.217 1.20267
2.77872 1.48646
-1.61315 -4.83347
6.0197 2.90336
4.78817 -3.47471
5.57854 4.05019
6.9445 3.34098
8.17718 1.35915
-2.55003 4.0174
4.09145 2.81523
-2.31535 4.1189
-0.41906 -4.50539
0.53948 5.087
2.30152 -2.08096
-1.36083 -7.24849
-3.59443 2.42847
2.15209 -7.17179
-3.12229 -1.26355
5.59469 3.14414
-2.45398 5.44084
-1.29017 -7.27345
1.67066 3.89585
1.69261 8.20728
-0.11608 2.70327
-2.6893 -2.57752
-1.33814 -2.5358
-2.013 -1.18626
-2.56799 7.19826
2.91303 -0.3867
-5.28711 -3.89101
-3.33719 -7.44294
2.34769 2.108
3.54984 1.37147
-2.25951 5.31578
3.35529 2.16844
0.28375 -1.93331
-1.96917 2.40729
0.74987 2.33429
4.86249 -1.82975
0.76793 -5.53023
-2.34224 2.76428
0.62038 5.35694
6.16383 3.09699
-1.5504 -6.11214
-2.70828 3.86778
-3.6468 -4.86161
-1.68966 3.55135
-0.28057 -4.78713
-7.75094 -2.62075
2.5205 2.3046
-2.70441 5.80151
-0.0015 3.50376
0.26728 -4.51523
-5.03621 1.92434
1.1484 0.99809
-2.80677 -0.2281
4.65732 -3.59883
0.84316 0.48524
-0.27056 5.27836
1.23828 6.21499
4.87773 5.6437
0.30926 -3.53329
2.2943 3.04139
3.5348 4.19247
-1.45474 8.2132
-3.56283 0.66938
8.33198 5.08953
-0.87403 0.92562
5.68695 -4.39528
-3.26854 -9.94086
-1.13253 8.14486
1.43635 0.65072
-3.81006 -10.28606
7.39699 3.30472
0.44678 -5.55155
-5.00301 4.06163
-0.71194 -6.96303
-0.88908 1.18063
-4.29964 -4.24473
5.44248 -2.57253
7.03565 0.87983
-3.62689 7.9397
-5.6148 6.23072
-2.13736 6.41375
-3.20731 -2.6045
2.00483 -5.61217
-4.82989 -2.97221
-4.864 -4.50803
2.55268 7.3476
5.7011 2.18586
2.76803 -1.97051
3.21932 1.6727
1.36974 0.01931
5.03038 -2.57824
-0.32308 -1.56732
-1.0172 0.84183
4.10409 5.09561
-1.61554 -3.57839
0.68527 -1.10362
8.95515 -2.09599
-1.80648 -10.654
-2.60297 -3.15233
-6.04724 -8.35901
-0.70974 -4.99395
-0.07055 7.37532
-0.46821 -0.28044
-7.16952 -8.28508
-3.49685 1.18019
-4.16327 -2.868
6.41558 -5.09411
4.62032 1.7374
-2.12541 -9.28149
-1.99897 7.85459
6.72351 0.23289
-0.72956 3.12395
0.84243 -4.32343
-3.08487 -2.0478
4.32459 -1.5355
7.27762 -0.12521
-3.51245 -8.60729
2.47277 -2.30397
2.00149 5.97178
0.59653 2.36027
4.45767 -1.01602
-4.49787 0.47132
3.03169 2.19177
4.51888 2.41999
7.87068 -0.15143
0.93365 -0.03544
6.86829 3.57125
0.68056 3.60777
5.02497 5.35045
1.47547 5.01053
2.64821 -0.68398
3.98336 -1.0685
-4.835 -2.64948
-0.71962 -4.85507
4.9854 0.26201
6.26173 -0.07597
-4.06433 -6.02263
-1.66623 4.43844
2.69725 -0.03188
-4.27471 -6.30957
6.61119 -1.1958
-1.21932 7.41908
2.34478 0.87437
-2.59253 -3.70147
-5.24579 -2.44578
