0.78966 9.3184
-7.942 9.6887
-7.2065 10.051
-0.94229 9.4454
-6.1332 11.063
2.7534 10.595
0.94485 7.6294
1.0372 9.5386
1.6103 8.2816
-0.25052 8.2735
1.0112 9.6215
-0.30499 9.1995
0.4138 9.1515
1.9881 10.63
1.3035 9.1149
-0.30527 10.2
1.3247 10.266
2.3897 10.01
0.18534 8.9165
-0.52276 8.9941
-5.9164 9.659
1.4754 9.7492
-6.5703 7.7686
1.7974 9.0801
1.3145 8.6731
0.22168 8.3447
-6.0992 10.433
-6.1263 9.1208
-5.6481 11.477
-0.36758 7.5453
-1.423 8.3944
-6.3952 10.669
0.55419 10.168
-0.81942 8.3919
-1.2803 8.1065
0.92033 9.0237
-1.6628 7.7132
0.566 6.6279
-2.506 9.4525
-6.0447 9.8753
0.28845 11.04
1.8449 10.333
-6.8047 7.7923
-1.337 9.8161
-0.50746 9.501
1.5251 8.5764
-0.34342 8.5369
-7.0699 9.2278
-5.7734 11.142
-1.1524 6.5302
-6.5614 10.227
1.6998 9.0149
-6.0416 10.779
-6.4694 10.388
2.5701 10.58
-5.6789 10.509
-6.5249 9.0667
-0.71518 8.1008
-0.57342 7.7069
2.0927 8.5886
1.3884 11.18
2.1557 9.6056
0.21695 9.1868
-8.3292 10.049
-6.7173 10.132
1.7721 10.397
1.8366 6.9557
-6.267 11.134
0.91624 10.536
0.80481 10.146
-7.0326 9.4093
-7.1991 10.99
-7.2907 11.1
-6.6982 9.9836
-7.3291 9.8388
0.60203 9.9746
1.1032 10.075
1.0037 8.3039
0.69647 8.8602
-0.73084 7.6444
-0.1863 7.5961
2.5945 10.464
-0.33447 8.611
-6.3649 10.148
-4.5391 8.9533
-7.1585 7.5475
-5.4334 10.246
0.78808 9.5792
1.7738 8.7998
-5.662 10.867
-7.0139 10.07
2.7535 9.901
-6.4535 11.58
-5.6548 10.547
-5.5389 9.6238
-0.29226 10.163
-6.454 9.7384
1.3869 10.425
-1.4404 8.6855
2.4722 9.5569
-5.9335 8.911
-0.51925 9.4633
1.4953 9.3058
-7.2784 10.478
-7.1442 9.7976
4.4119 10.042
-7.0074 9.8697
-7.9942 8.7923
-7.6649 10.234
-8.0566 9.945
-4.7269 10.88
-8.1004 8.8426
1.0662 8.1489
-0.5685 9.3584
0.70185 9.9348
-1.0928 7.7391
-0.29613 9.4627
2.0065 8.765
1.395 10.277
0.381 10.228
1.1512 10.376
-1.2806 9.3547
-0.32905 9.7016
0.56646 9.6193
1.6313 8.8294
-6.9978 8.9738
-6.664 9.6697
1.3831 8.3658
0.82684 9.554
-0.58475 7.3287
-0.70623 9.1298
-7.2395 10.098
-6.8482 9.7031
-0.96467 10.003
-1.1487 8.3436
0.80425 8.3794
1.4424 8.6567
-7.4689 8.8745
-7.4716 10.797
0.54705 8.6549
-6.008 11.031
-7.577 10.903
0.73172 8.3237
1.59 8.8281
0.4179 8.1379
1.6882 9.2317
1.3357 8.5824
2.2242 9.053
-0.07138 8.0584
-6.8428 9.8846
-7.4957 10.59
-2.212 8.6904
-5.737 9.2113
-0.56098 10.065
0.44424 7.3165
2.4456 8.3102
1.2204 10.108
-5.5232 10.389
-0.16211 8.861
2.5938 8.8109
-4.9586 9.6976
1.4006 8.7294
-7.0072 12.006
-6.8472 8.5851
0.27725 10.258
-0.06408 8.6264
0.56259 7.7431
0.02688 9.594
-6.7798 10.255
-1.4469 8.6275
1.9812 9.8492
-0.06921 8.1777
-0.23335 8.343
1.6899 8.1776
2.2778 8.106
-0.90318 9.4281
-0.28883 8.1317
-6.6648 8.5987
-5.7493 8.9614
-0.24041 8.4361
-7.7189 9.4471
2.6132 10.059
-0.67795 9.1468
-0.73111 8.791
-0.52572 9.3676
0.37543 8.8013
0.21562 6.1383
0.05433 7.1458
-5.8466 9.585
1.4043 9.0267
-5.3966 9.608
0.22134 8.6157
1.2536 9.2621
1.5176 9.6411
3.2638 7.9949
2.474 8.8448
0.89456 10.811
1.4932 9.3287
-1.0229 8.5374
1.2178 10.271

-0.51925 9.4633
-2.506 9.4525
-5.7734 11.142
-7.4716 10.797
-4.7269 10.88
-0.96467 10.003
-0.70623 9.1298
0.69647 8.8602
0.4138 9.1515
1.2536 9.2621
1.2204 10.108
0.91624 10.536
1.2178 10.271
-0.06408 8.6264
1.4953 9.3058
1.3247 10.266
1.8449 10.333
2.3897 10.01
1.3869 10.425
1.0112 9.6215
-0.16211 8.861
0.21695 9.1868
0.37543 8.8013
1.4754 9.7492
2.474 8.8448
1.6899 8.1776
-0.33447 8.611
-1.1487 8.3436
-0.06921 8.1777
-1.2806 9.3547
-0.25052 8.2735
0.78966 9.3184
0.60203 9.9746
-0.24041 8.4361
4.4119 10.042
2.2778 8.106
-1.2803 8.1065
-0.28883 8.1317
0.80425 8.3794
-5.7493 8.9614
-5.9335 8.911
-6.1263 9.1208
-4.5391 8.9533
-0.90318 9.4281
-0.94229 9.4454
0.55419 10.168
1.1032 10.075
1.4424 8.6567
-1.0928 7.7391
-1.1524 6.5302
-6.6982 9.9836
-7.2784 10.478
-6.0992 10.433
-6.3952 10.669
-6.5614 10.227
-5.5389 9.6238
-5.4334 10.246
-4.9586 9.6976
-6.0447 9.8753
0.80481 10.146
1.4932 9.3287
0.02688 9.594
1.6103 8.2816
1.7738 8.7998
1.0037 8.3039
0.92033 9.0237
1.9812 9.8492
2.7535 9.901
1.6882 9.2317
2.5701 10.58
1.3884 11.18
-7.1991 10.99
-7.2907 11.1
-8.0566 9.945
-7.0326 9.4093
-6.8047 7.7923
-7.1585 7.5475
-0.58475 7.3287
0.44424 7.3165
1.0662 8.1489
0.22134 8.6157
0.56259 7.7431
1.1512 10.376
0.82684 9.554
-5.5232 10.389
-5.6789 10.509
-0.56098 10.065
0.78808 9.5792
1.0372 9.5386
-6.8482 9.7031
-6.6648 8.5987
-7.3291 9.8388
-6.4535 11.58
-6.267 11.134
0.27725 10.258
-0.29226 10.163
0.28845 11.04
-1.4404 8.6855
-0.30527 10.2
-1.0229 8.5374
-0.73084 7.6444
-1.4469 8.6275
-7.7189 9.4471
-7.0074 9.8697
-7.1442 9.7976
-6.0416 10.779
-6.7173 10.132
-6.8428 9.8846
-7.6649 10.234
-7.2065 10.051
-7.4689 8.8745
-8.1004 8.8426
-7.9942 8.7923
-1.337 9.8161
-0.67795 9.1468
-0.50746 9.501
1.3357 8.5824
2.7534 10.595
3.2638 7.9949
1.6998 9.0149
2.4456 8.3102
0.94485 7.6294
-0.32905 9.7016
-5.9164 9.659
-8.3292 10.049
-6.9978 8.9738
-6.5703 7.7686
-0.81942 8.3919
-0.52572 9.3676
-0.36758 7.5453
-0.57342 7.7069
-2.212 8.6904
-6.3649 10.148
-7.2395 10.098
-7.0139 10.07
-6.1332 11.063
-6.7798 10.255
-5.8466 9.585
-6.454 9.7384
-5.6548 10.547
-6.008 11.031
-7.577 10.903
-6.4694 10.388
-6.5249 9.0667
1.5251 8.5764
2.5945 10.464
1.7721 10.397
2.2242 9.053
1.4043 9.0267
-5.737 9.2113
-7.4957 10.59
-7.0699 9.2278
-0.71518 8.1008
1.59 8.8281
0.73172 8.3237
1.3145 8.6731
1.3831 8.3658
-0.73111 8.791
0.22168 8.3447
0.54705 8.6549
-6.8472 8.5851
-7.942 9.6887
-7.0072 12.006
0.89456 10.811
0.566 6.6279
-0.30499 9.1995
-0.29613 9.4627
-5.6481 11.477
-5.662 10.867
-0.23335 8.343
-1.6628 7.7132
-0.34342 8.5369
-0.52276 8.9941
0.18534 8.9165
-0.1863 7.5961
0.4179 8.1379
-5.3966 9.608
-6.664 9.6697
0.381 10.228
2.4722 9.5569
1.9881 10.63
2.6132 10.059
1.4006 8.7294
2.1557 9.6056
2.5938 8.8109
1.8366 6.9557
0.21562 6.1383
0.05433 7.1458
-0.07138 8.0584
2.0927 8.5886
1.7974 9.0801
1.395 10.277
0.70185 9.9348
1.5176 9.6411
1.3035 9.1149
2.0065 8.765
1.6313 8.8294
0.56646 9.6193
-0.5685 9.3584
-1.423 8.3944

-0.51925 9.4633
-2.506 9.4525
-5.7734 11.142
-6.008 11.031
-4.7269 10.88
-0.71518 8.1008
1.6998 9.0149
1.6882 9.2317
0.60203 9.9746
1.4754 9.7492
1.2204 10.108
0.91624 10.536
1.2178 10.271
1.4932 9.3287
1.9812 9.8492
1.3247 10.266
1.8449 10.333
2.3897 10.01
1.3869 10.425
1.0112 9.6215
-0.16211 8.861
-0.25052 8.2735
0.22134 8.6157
1.2536 9.2621
0.18534 8.9165
1.6899 8.1776
-0.30499 9.1995
-0.5685 9.3584
-0.06921 8.1777
-1.2806 9.3547
0.21695 9.1868
0.78966 9.3184
0.4138 9.1515
0.37543 8.8013
0.69647 8.8602
2.2778 8.106
-1.2803 8.1065
0.566 6.6279
0.80425 8.3794
-5.7493 8.9614
-5.9335 8.911
-6.0416 10.779
-5.6548 10.547
-0.90318 9.4281
-0.94229 9.4454
0.55419 10.168
1.1032 10.075
1.4424 8.6567
-0.34342 8.5369
-2.212 8.6904
-6.6982 9.9836
-7.2784 10.478
-6.1332 11.063
-6.3952 10.669
-6.5614 10.227
-5.5389 9.6238
-5.4334 10.246
-4.9586 9.6976
-1.337 9.8161
0.80481 10.146
0.54705 8.6549
-0.52572 9.3676
1.6103 8.2816
1.7738 8.7998
1.0037 8.3039
0.92033 9.0237
1.4953 9.3058
2.2242 9.053
4.4119 10.042
2.5701 10.58
1.3884 11.18
-7.1991 10.99
-7.2907 11.1
-8.0566 9.945
-7.0699 9.2278
-6.8047 7.7923
-7.1585 7.5475
-0.58475 7.3287
0.44424 7.3165
3.2638 7.9949
-0.24041 8.4361
0.56259 7.7431
1.0372 9.5386
-5.6481 11.477
-5.5232 10.389
-5.6789 10.509
-1.4404 8.6855
0.78808 9.5792
0.381 10.228
-6.8482 9.7031
-7.7189 9.4471
-7.3291 9.8388
-6.4535 11.58
-6.267 11.134
0.27725 10.258
-0.29226 10.163
0.28845 11.04
0.89456 10.811
-0.30527 10.2
-0.56098 10.065
-0.73111 8.791
-1.4469 8.6275
-6.6648 8.5987
-7.0074 9.8697
-6.4694 10.388
-7.0326 9.4093
-8.3292 10.049
-6.8428 9.8846
-7.1442 9.7976
-7.2065 10.051
-7.4689 8.8745
-8.1004 8.8426
-7.9942 8.7923
-6.5249 9.0667
-1.0928 7.7391
-0.50746 9.501
-0.29613 9.4627
2.7534 10.595
2.5945 10.464
2.474 8.8448
2.4456 8.3102
0.94485 7.6294
-0.32905 9.7016
-5.9164 9.659
-6.1263 9.1208
-6.9978 8.9738
-6.5703 7.7686
-0.81942 8.3919
0.02688 9.594
-0.36758 7.5453
-0.57342 7.7069
-1.1524 6.5302
-6.3649 10.148
-7.2395 10.098
-6.0447 9.8753
-6.0992 10.433
-6.7798 10.255
-5.8466 9.585
-6.454 9.7384
-7.0072 12.006
-7.6649 10.234
-7.577 10.903
-7.4716 10.797
-7.0139 10.07
-6.664 9.6697
-5.3966 9.608
1.7721 10.397
2.7535 9.901
0.73172 8.3237
-5.737 9.2113
-7.4957 10.59
-6.7173 10.132
-5.662 10.867
1.59 8.8281
2.0927 8.5886
1.3145 8.6731
1.3831 8.3658
-0.07138 8.0584
-0.70623 9.1298
-1.6628 7.7132
-6.8472 8.5851
-7.942 9.6887
-4.5391 8.9533
-1.0229 8.5374
-0.1863 7.5961
-0.33447 8.611
1.3357 8.5824
0.82684 9.554
-0.96467 10.003
-0.23335 8.343
-0.06408 8.6264
-0.67795 9.1468
-0.52276 8.9941
0.22168 8.3447
-0.28883 8.1317
0.4179 8.1379
1.4043 9.0267
1.5251 8.5764
1.1512 10.376
2.4722 9.5569
1.9881 10.63
2.6132 10.059
1.4006 8.7294
2.1557 9.6056
2.5938 8.8109
1.8366 6.9557
0.21562 6.1383
0.05433 7.1458
-0.73084 7.6444
1.3035 9.1149
1.7974 9.0801
1.395 10.277
0.70185 9.9348
1.5176 9.6411
2.0065 8.765
1.0662 8.1489
1.6313 8.8294
0.56646 9.6193
-1.1487 8.3436
-1.423 8.3944

-2.212 8.6904
-2.506 9.4525
-5.4334 10.246
-6.008 11.031
-4.7269 10.88
-0.71518 8.1008
-0.33447 8.611
1.0372 9.5386
1.4754 9.7492
2.1557 9.6056
1.2204 10.108
0.91624 10.536
1.2178 10.271
1.1512 10.376
1.9881 10.63
1.3247 10.266
1.8449 10.333
2.3897 10.01
1.3869 10.425
1.0112 9.6215
0.78808 9.5792
-0.25052 8.2735
0.22134 8.6157
1.2536 9.2621
0.54705 8.6549
0.4138 9.1515
-0.30499 9.1995
-0.73111 8.791
-1.0928 7.7391
-1.2806 9.3547
-0.70623 9.1298
-0.52572 9.3676
-0.52276 8.9941
0.37543 8.8013
0.69647 8.8602
-0.1863 7.5961
-0.06921 8.1777
0.566 6.6279
0.80425 8.3794
-5.7493 8.9614
-5.9335 8.911
-6.0416 10.779
0.381 10.228
0.80481 10.146
0.56646 9.6193
0.55419 10.168
1.1032 10.075
1.4424 8.6567
-0.34342 8.5369
-0.51925 9.4633
-6.664 9.6697
-6.454 9.7384
-6.1332 11.063
-6.3952 10.669
-6.0992 10.433
-5.8466 9.585
-6.0447 9.8753
-4.9586 9.6976
-1.337 9.8161
-0.5685 9.3584
0.21695 9.1868
0.78966 9.3184
1.6103 8.2816
2.2778 8.106
1.3145 8.6731
1.0662 8.1489
1.6998 9.0149
1.6882 9.2317
2.5945 10.464
2.5701 10.58
1.3884 11.18
-5.7734 11.142
-7.2907 11.1
-8.0566 9.945
-7.0699 9.2278
-6.8047 7.7923
-7.1585 7.5475
-0.58475 7.3287
0.44424 7.3165
0.94485 7.6294
0.73172 8.3237
1.6899 8.1776
-0.32905 9.7016
-5.6481 11.477
-5.6548 10.547
-5.6789 10.509
-1.4404 8.6855
-1.4469 8.6275
-5.3966 9.608
-6.8428 9.8846
-6.8482 9.7031
-7.3291 9.8388
-6.4535 11.58
-6.267 11.134
0.27725 10.258
-0.29226 10.163
0.28845 11.04
0.89456 10.811
-0.30527 10.2
-0.56098 10.065
-0.90318 9.4281
-0.16211 8.861
-6.6648 8.5987
-7.0074 9.8697
-7.1442 9.7976
-7.0326 9.4093
-7.7189 9.4471
-8.3292 10.049
-7.2395 10.098
-7.2065 10.051
-7.4689 8.8745
-8.1004 8.8426
-7.9942 8.7923
-6.5249 9.0667
-0.94229 9.4454
-0.50746 9.501
-0.29613 9.4627
2.7534 10.595
2.0927 8.5886
2.474 8.8448
2.4456 8.3102
3.2638 7.9949
2.2242 9.053
-0.81942 8.3919
-7.4957 10.59
-6.9978 8.9738
-6.5703 7.7686
-5.9164 9.659
-5.5232 10.389
-0.36758 7.5453
-0.57342 7.7069
-1.1524 6.5302
-6.3649 10.148
-6.6982 9.9836
-7.1991 10.99
-6.5614 10.227
-6.7173 10.132
-5.5389 9.6238
-7.2784 10.478
-7.0072 12.006
-7.6649 10.234
-7.4716 10.797
-7.577 10.903
-7.0139 10.07
-6.4694 10.388
0.02688 9.594
1.7721 10.397
1.4006 8.7294
-0.24041 8.4361
-5.737 9.2113
-6.1263 9.1208
-6.7798 10.255
-5.662 10.867
1.59 8.8281
1.7738 8.7998
1.6313 8.8294
1.3831 8.3658
-0.07138 8.0584
-1.2803 8.1065
-1.6628 7.7132
-6.8472 8.5851
-7.942 9.6887
-4.5391 8.9533
-1.1487 8.3436
0.18534 8.9165
0.92033 9.0237
1.3357 8.5824
0.82684 9.554
-0.96467 10.003
-0.23335 8.343
-0.06408 8.6264
1.0037 8.3039
0.56259 7.7431
0.22168 8.3447
-0.28883 8.1317
0.4179 8.1379
1.4043 9.0267
1.5251 8.5764
1.4932 9.3287
2.4722 9.5569
1.9812 9.8492
2.6132 10.059
1.395 10.277
1.4953 9.3058
1.3035 9.1149
1.8366 6.9557
0.21562 6.1383
0.05433 7.1458
-0.73084 7.6444
2.5938 8.8109
1.7974 9.0801
2.0065 8.765
1.5176 9.6411
0.70185 9.9348
0.60203 9.9746
2.7535 9.901
4.4119 10.042
-0.67795 9.1468
-1.0229 8.5374
-1.423 8.3944

-2.212 8.6904
-2.506 9.4525
-5.4334 10.246
-6.008 11.031
-5.6481 11.477
-0.71518 8.1008
-0.33447 8.611
1.0372 9.5386
1.4754 9.7492
2.1557 9.6056
1.2204 10.108
0.91624 10.536
1.2178 10.271
1.1512 10.376
1.9881 10.63
1.3247 10.266
1.8449 10.333
2.3897 10.01
1.3869 10.425
1.0112 9.6215
0.78808 9.5792
-0.25052 8.2735
1.0662 8.1489
1.2536 9.2621
0.54705 8.6549
0.4138 9.1515
-0.32905 9.7016
-0.73111 8.791
-1.0928 7.7391
-1.2806 9.3547
-0.70623 9.1298
-0.52572 9.3676
-0.73084 7.6444
0.37543 8.8013
0.69647 8.8602
-0.1863 7.5961
-0.06921 8.1777
0.566 6.6279
-0.81942 8.3919
-0.16211 8.861
-0.52276 8.9941
-0.94229 9.4454
0.381 10.228
0.80481 10.146
1.1032 10.075
0.55419 10.168
2.7535 9.901
1.5176 9.6411
-0.34342 8.5369
-0.51925 9.4633
-6.664 9.6697
-6.454 9.7384
-6.1332 11.063
-6.3952 10.669
-6.0992 10.433
-5.8466 9.585
-6.0447 9.8753
-4.9586 9.6976
-1.337 9.8161
-0.5685 9.3584
0.27725 10.258
0.78966 9.3184
1.4953 9.3058
2.2778 8.106
2.2242 9.053
1.6899 8.1776
1.6998 9.0149
2.6132 10.059
2.5945 10.464
2.5701 10.58
1.3884 11.18
-5.7734 11.142
-7.2907 11.1
-6.5249 9.0667
-6.5703 7.7686
-6.8047 7.7923
-7.1585 7.5475
-5.737 9.2113
0.44424 7.3165
0.94485 7.6294
0.73172 8.3237
0.22134 8.6157
-0.30499 9.1995
-4.7269 10.88
-5.6548 10.547
-5.6789 10.509
-1.4404 8.6855
-1.4469 8.6275
-5.5232 10.389
-7.2065 10.051
-6.8482 9.7031
-7.3291 9.8388
-6.4535 11.58
-6.267 11.134
-0.90318 9.4281
-0.29226 10.163
0.28845 11.04
0.89456 10.811
-0.30527 10.2
-0.56098 10.065
-0.96467 10.003
-5.3966 9.608
-6.6648 8.5987
-7.0074 9.8697
-7.1442 9.7976
-7.1991 10.99
-7.7189 9.4471
-8.3292 10.049
-7.2395 10.098
-7.0139 10.07
-7.4689 8.8745
-8.1004 8.8426
-7.9942 8.7923
-8.0566 9.945
-5.662 10.867
-0.50746 9.501
1.7721 10.397
1.4043 9.0267
2.0927 8.5886
2.474 8.8448
2.4456 8.3102
3.2638 7.9949
1.3145 8.6731
-5.9335 8.911
-6.8472 8.5851
-6.9978 8.9738
-7.0699 9.2278
-7.0326 9.4093
-5.7493 8.9614
-0.36758 7.5453
-0.57342 7.7069
-1.1524 6.5302
-5.9164 9.659
-5.5389 9.6238
-6.3649 10.148
-6.5614 10.227
-6.7173 10.132
-6.6982 9.9836
-7.2784 10.478
-6.8428 9.8846
-7.6649 10.234
-7.4716 10.797
-7.577 10.903
-7.0072 12.006
-6.4694 10.388
0.82684 9.554
1.59 8.8281
1.4006 8.7294
-0.24041 8.4361
-0.58475 7.3287
-6.1263 9.1208
-6.7798 10.255
-6.0416 10.779
-0.29613 9.4627
2.5938 8.8109
1.6313 8.8294
0.21695 9.1868
0.02688 9.594
-1.2803 8.1065
-1.6628 7.7132
-7.4957 10.59
-7.942 9.6887
-4.5391 8.9533
-1.1487 8.3436
0.18534 8.9165
0.92033 9.0237
0.70185 9.9348
1.0037 8.3039
1.3831 8.3658
-0.23335 8.343
-0.06408 8.6264
-0.07138 8.0584
0.56259 7.7431
0.22168 8.3447
-0.28883 8.1317
0.4179 8.1379
1.3357 8.5824
1.3035 9.1149
1.4932 9.3287
1.395 10.277
1.9812 9.8492
2.4722 9.5569
1.6882 9.2317
1.6103 8.2816
1.5251 8.5764
1.8366 6.9557
0.21562 6.1383
0.05433 7.1458
0.80425 8.3794
2.0065 8.765
1.7974 9.0801
1.7738 8.7998
1.4424 8.6567
0.56646 9.6193
0.60203 9.9746
2.7534 10.595
4.4119 10.042
-0.67795 9.1468
-1.0229 8.5374
-1.423 8.3944

-2.212 8.6904
-2.506 9.4525
-5.4334 10.246
-6.008 11.031
-5.6481 11.477
-0.06408 8.6264
-0.33447 8.611
1.0372 9.5386
1.5176 9.6411
2.1557 9.6056
1.2204 10.108
0.91624 10.536
1.2178 10.271
1.1512 10.376
0.55419 10.168
1.3247 10.266
1.4754 9.7492
2.3897 10.01
1.8449 10.333
1.0112 9.6215
1.0037 8.3039
0.566 6.6279
-0.23335 8.343
-1.0928 7.7391
-0.28883 8.1317
-0.73084 7.6444
-0.81942 8.3919
-0.73111 8.791
-0.90318 9.4281
-1.2806 9.3547
-0.70623 9.1298
-0.52572 9.3676
0.02688 9.594
0.4138 9.1515
-0.16211 8.861
-0.24041 8.4361
-0.06921 8.1777
-0.25052 8.2735
-0.30499 9.1995
0.37543 8.8013
-0.52276 8.9941
-0.51925 9.4633
0.381 10.228
0.80481 10.146
0.56646 9.6193
0.82684 9.554
1.395 10.277
1.1032 10.075
0.70185 9.9348
-0.94229 9.4454
-6.664 9.6697
-6.454 9.7384
-6.1332 11.063
-6.3952 10.669
-5.9164 9.659
-5.8466 9.585
-6.0447 9.8753
-4.9586 9.6976
-0.29613 9.4627
-0.5685 9.3584
0.92033 9.0237
0.78966 9.3184
1.4953 9.3058
2.2778 8.106
2.4456 8.3102
1.6899 8.1776
1.6998 9.0149
2.6132 10.059
2.5945 10.464
2.5701 10.58
1.3884 11.18
-5.7734 11.142
-6.4694 10.388
-6.5249 9.0667
-6.5703 7.7686
-6.8047 7.7923
-7.1585 7.5475
-5.737 9.2113
-0.71518 8.1008
0.94485 7.6294
0.73172 8.3237
-0.34342 8.5369
-0.67795 9.1468
-0.50746 9.501
-0.96467 10.003
-1.337 9.8161
-1.4404 8.6855
-1.4469 8.6275
-5.5232 10.389
-6.6982 9.9836
-6.8482 9.7031
-7.3291 9.8388
-7.2907 11.1
-6.267 11.134
-5.6789 10.509
-0.29226 10.163
0.28845 11.04
0.89456 10.811
0.27725 10.258
-0.56098 10.065
-4.5391 8.9533
-5.3966 9.608
-7.0326 9.4093
-7.0074 9.8697
-7.1442 9.7976
-8.0566 9.945
-7.7189 9.4471
-6.8428 9.8846
-7.2395 10.098
-7.0139 10.07
-7.4689 8.8745
-8.1004 8.8426
-7.9942 8.7923
-7.2065 10.051
-5.662 10.867
-4.7269 10.88
0.69647 8.8602
1.6313 8.8294
2.0927 8.5886
2.474 8.8448
3.2638 7.9949
1.6882 9.2317
1.3145 8.6731
-5.9335 8.911
-6.8472 8.5851
-6.9978 8.9738
-7.0699 9.2278
-6.6648 8.5987
-5.7493 8.9614
-0.36758 7.5453
-0.57342 7.7069
-1.1524 6.5302
-1.6628 7.7132
-5.5389 9.6238
-6.3649 10.148
-6.5614 10.227
-6.7173 10.132
-7.1991 10.99
-7.2784 10.478
-8.3292 10.049
-7.6649 10.234
-7.4716 10.797
-7.577 10.903
-7.0072 12.006
-6.4535 11.58
-0.30527 10.2
1.2536 9.2621
1.4006 8.7294
-0.1863 7.5961
-0.58475 7.3287
-6.1263 9.1208
-6.7798 10.255
-6.0416 10.779
-0.32905 9.7016
1.3869 10.425
1.7721 10.397
1.9881 10.63
1.4043 9.0267
-1.2803 8.1065
-6.0992 10.433
-7.4957 10.59
-7.942 9.6887
-5.6548 10.547
-1.1487 8.3436
0.18534 8.9165
0.21695 9.1868
0.22134 8.6157
0.78808 9.5792
1.3831 8.3658
1.3357 8.5824
0.44424 7.3165
-0.07138 8.0584
0.56259 7.7431
0.22168 8.3447
0.54705 8.6549
0.4179 8.1379
1.0662 8.1489
1.4932 9.3287
2.5938 8.8109
2.7535 9.901
1.9812 9.8492
2.4722 9.5569
2.2242 9.053
1.6103 8.2816
1.5251 8.5764
1.8366 6.9557
0.21562 6.1383
0.05433 7.1458
0.80425 8.3794
2.0065 8.765
1.4424 8.6567
1.7738 8.7998
1.7974 9.0801
1.3035 9.1149
4.4119 10.042
2.7534 10.595
0.60203 9.9746
1.59 8.8281
-1.0229 8.5374
-1.423 8.3944

-2.212 8.6904
-2.506 9.4525
-5.4334 10.246
-6.008 11.031
-5.6481 11.477
-0.34342 8.5369
-0.33447 8.611
1.0372 9.5386
1.5176 9.6411
2.1557 9.6056
1.3247 10.266
0.91624 10.536
1.2178 10.271
1.1512 10.376
1.1032 10.075
1.2204 10.108
1.8449 10.333
1.9881 10.63
1.4754 9.7492
1.4424 8.6567
1.0037 8.3039
0.05433 7.1458
0.44424 7.3165
-1.0928 7.7391
-0.71518 8.1008
-0.57342 7.7069
-0.81942 8.3919
-0.73111 8.791
-0.90318 9.4281
-1.2806 9.3547
-0.70623 9.1298
-0.5685 9.3584
0.02688 9.594
0.4138 9.1515
-0.16211 8.861
-0.24041 8.4361
-0.06921 8.1777
-0.25052 8.2735
-0.30499 9.1995
-0.52572 9.3676
-0.52276 8.9941
-0.51925 9.4633
0.381 10.228
0.80481 10.146
0.56646 9.6193
0.82684 9.554
1.395 10.277
0.55419 10.168
0.70185 9.9348
-5.6789 10.509
-6.664 9.6697
-6.454 9.7384
-6.1332 11.063
-6.3952 10.669
-5.9164 9.659
-5.8466 9.585
-5.5389 9.6238
-4.9586 9.6976
-0.29613 9.4627
0.21695 9.1868
0.22134 8.6157
0.78966 9.3184
1.3145 8.6731
2.2778 8.106
2.4456 8.3102
1.6899 8.1776
3.2638 7.9949
2.6132 10.059
2.5945 10.464
2.5701 10.58
1.3884 11.18
-5.7734 11.142
-6.4694 10.388
-6.5249 9.0667
-6.5703 7.7686
-6.8047 7.7923
-7.1585 7.5475
-5.737 9.2113
-0.28883 8.1317
0.94485 7.6294
0.56259 7.7431
-0.06408 8.6264
-0.67795 9.1468
-0.50746 9.501
-0.94229 9.4454
-1.337 9.8161
-1.4404 8.6855
-1.4469 8.6275
-5.5232 10.389
-6.6982 9.9836
-6.8482 9.7031
-7.3291 9.8388
-7.2907 11.1
-6.267 11.134
-0.96467 10.003
-0.29226 10.163
0.28845 11.04
0.89456 10.811
0.27725 10.258
-0.56098 10.065
-4.5391 8.9533
-5.3966 9.608
-7.0326 9.4093
-7.0074 9.8697
-6.8428 9.8846
-8.0566 9.945
-7.0139 10.07
-7.1442 9.7976
-7.2395 10.098
-7.7189 9.4471
-7.4689 8.8745
-8.1004 8.8426
-7.9942 8.7923
-7.942 9.6887
-5.662 10.867
-4.7269 10.88
0.37543 8.8013
1.6313 8.8294
2.0927 8.5886
2.474 8.8448
2.2242 9.053
1.6882 9.2317
1.0662 8.1489
-5.9335 8.911
-6.8472 8.5851
-6.9978 8.9738
-7.0699 9.2278
-6.6648 8.5987
-1.6628 7.7132
-0.36758 7.5453
-0.73084 7.6444
-1.1524 6.5302
-5.7493 8.9614
-6.0447 9.8753
-6.3649 10.148
-6.5614 10.227
-6.7173 10.132
-7.1991 10.99
-7.2784 10.478
-8.3292 10.049
-7.6649 10.234
-7.4716 10.797
-7.577 10.903
-7.0072 12.006
-6.4535 11.58
-0.30527 10.2
1.2536 9.2621
0.73172 8.3237
-0.1863 7.5961
-0.58475 7.3287
-6.1263 9.1208
-6.7798 10.255
-6.0416 10.779
-0.32905 9.7016
1.3869 10.425
1.7721 10.397
2.3897 10.01
1.4043 9.0267
-1.2803 8.1065
-6.0992 10.433
-7.4957 10.59
-7.2065 10.051
-5.6548 10.547
-1.1487 8.3436
0.18534 8.9165
0.69647 8.8602
0.92033 9.0237
0.78808 9.5792
1.3357 8.5824
1.3831 8.3658
1.4006 8.7294
-0.07138 8.0584
-0.23335 8.343
0.22168 8.3447
0.54705 8.6549
0.4179 8.1379
1.4953 9.3058
1.4932 9.3287
2.5938 8.8109
2.7535 9.901
1.9812 9.8492
2.4722 9.5569
1.6998 9.0149
1.6103 8.2816
1.5251 8.5764
1.8366 6.9557
0.21562 6.1383
0.566 6.6279
0.80425 8.3794
2.0065 8.765
1.59 8.8281
1.7738 8.7998
1.7974 9.0801
1.3035 9.1149
4.4119 10.042
2.7534 10.595
0.60203 9.9746
1.0112 9.6215
-1.0229 8.5374
-1.423 8.3944

-2.212 8.6904
-2.506 9.4525
-5.4334 10.246
-6.008 11.031
-5.6481 11.477
-0.34342 8.5369
-0.33447 8.611
1.0372 9.5386
1.5176 9.6411
1.4754 9.7492
1.3247 10.266
1.1032 10.075
1.2178 10.271
1.1512 10.376
0.91624 10.536
1.2204 10.108
1.8449 10.333
1.9881 10.63
1.3035 9.1149
1.4424 8.6567
0.94485 7.6294
0.05433 7.1458
0.44424 7.3165
0.22168 8.3447
-0.71518 8.1008
-0.57342 7.7069
-0.81942 8.3919
-0.73111 8.791
-0.70623 9.1298
-1.2806 9.3547
-0.50746 9.501
-0.5685 9.3584
0.02688 9.594
0.4138 9.1515
-0.16211 8.861
-0.24041 8.4361
-0.06921 8.1777
-0.25052 8.2735
-0.30499 9.1995
-0.52572 9.3676
-0.52276 8.9941
-0.51925 9.4633
0.381 10.228
0.80481 10.146
0.56646 9.6193
0.82684 9.554
1.395 10.277
0.55419 10.168
0.70185 9.9348
-5.6789 10.509
-6.664 9.6697
-6.454 9.7384
-6.1332 11.063
-6.3952 10.669
-5.9164 9.659
-5.8466 9.585
-5.5389 9.6238
-4.9586 9.6976
-0.29613 9.4627
0.21695 9.1868
1.0112 9.6215
0.78966 9.3184
1.3145 8.6731
2.2778 8.106
2.4456 8.3102
1.6899 8.1776
3.2638 7.9949
2.6132 10.059
2.5945 10.464
2.5701 10.58
1.3884 11.18
-0.94229 9.4454
-6.1263 9.1208
-5.9335 8.911
-6.5703 7.7686
-6.8047 7.7923
-7.1585 7.5475
-1.1524 6.5302
-0.1863 7.5961
0.4179 8.1379
0.56259 7.7431
-0.06408 8.6264
-0.67795 9.1468
-0.90318 9.4281
-0.96467 10.003
-1.337 9.8161
-1.4404 8.6855
-1.4469 8.6275
-5.6548 10.547
-6.6982 9.9836
-6.8482 9.7031
-7.3291 9.8388
-7.4957 10.59
-6.267 11.134
-0.30527 10.2
-0.29226 10.163
0.28845 11.04
0.89456 10.811
0.27725 10.258
-0.56098 10.065
-4.5391 8.9533
-5.7493 8.9614
-7.0326 9.4093
-7.0074 9.8697
-7.2065 10.051
-8.0566 9.945
-8.3292 10.049
-7.1442 9.7976
-7.2395 10.098
-7.7189 9.4471
-7.4689 8.8745
-8.1004 8.8426
-7.9942 8.7923
-7.942 9.6887
-5.662 10.867
-0.32905 9.7016
1.0662 8.1489
1.6998 9.0149
1.6313 8.8294
2.474 8.8448
2.2242 9.053
1.6882 9.2317
-5.737 9.2113
-6.5249 9.0667
-6.8472 8.5851
-6.9978 8.9738
-7.0699 9.2278
-6.6648 8.5987
-1.6628 7.7132
-0.36758 7.5453
-0.73084 7.6444
-1.0928 7.7391
-5.3966 9.608
-6.0447 9.8753
-6.3649 10.148
-6.5614 10.227
-6.4694 10.388
-7.1991 10.99
-7.2907 11.1
-7.0139 10.07
-7.6649 10.234
-7.4716 10.797
-7.577 10.903
-7.0072 12.006
-6.4535 11.58
-5.7734 11.142
1.0037 8.3039
0.73172 8.3237
-0.28883 8.1317
-0.58475 7.3287
-6.0992 10.433
-6.7798 10.255
-6.0416 10.779
-4.7269 10.88
1.3869 10.425
1.7721 10.397
2.3897 10.01
1.4043 9.0267
-1.0229 8.5374
-6.7173 10.132
-7.2784 10.478
-6.8428 9.8846
-5.5232 10.389
-1.1487 8.3436
0.18534 8.9165
0.69647 8.8602
0.92033 9.0237
0.78808 9.5792
1.3357 8.5824
1.3831 8.3658
0.80425 8.3794
-0.07138 8.0584
-0.23335 8.343
0.37543 8.8013
0.54705 8.6549
1.2536 9.2621
1.4953 9.3058
1.4932 9.3287
2.1557 9.6056
2.7535 9.901
1.9812 9.8492
2.4722 9.5569
2.0927 8.5886
1.6103 8.2816
1.5251 8.5764
1.8366 6.9557
0.21562 6.1383
0.566 6.6279
1.4006 8.7294
1.59 8.8281
2.0065 8.765
1.7738 8.7998
1.7974 9.0801
2.5938 8.8109
4.4119 10.042
2.7534 10.595
0.60203 9.9746
0.22134 8.6157
-1.2803 8.1065
-1.423 8.3944

-2.212 8.6904
-2.506 9.4525
-5.4334 10.246
-6.008 11.031
-5.6481 11.477
-0.16211 8.861
0.4138 9.1515
0.78808 9.5792
1.5176 9.6411
1.4754 9.7492
1.3247 10.266
1.1032 10.075
1.2178 10.271
1.1512 10.376
0.91624 10.536
1.2204 10.108
1.8449 10.333
1.9881 10.63
1.2536 9.2621
1.0037 8.3039
0.94485 7.6294
1.0662 8.1489
0.44424 7.3165
-0.07138 8.0584
-0.73084 7.6444
-0.57342 7.7069
-0.81942 8.3919
-0.73111 8.791
-0.70623 9.1298
-0.29613 9.4627
-0.50746 9.501
-0.5685 9.3584
0.02688 9.594
-0.33447 8.611
-0.34342 8.5369
-0.24041 8.4361
-0.06921 8.1777
-0.25052 8.2735
-0.30499 9.1995
-0.52572 9.3676
-0.52276 8.9941
-0.51925 9.4633
0.80481 10.146
0.70185 9.9348
0.56646 9.6193
0.82684 9.554
0.60203 9.9746
0.55419 10.168
0.381 10.228
-5.9164 9.659
-6.664 9.6697
-6.454 9.7384
-6.1332 11.063
-6.267 11.134
-5.6789 10.509
-5.8466 9.585
-5.5389 9.6238
-4.9586 9.6976
-1.2806 9.3547
0.21695 9.1868
1.0112 9.6215
0.78966 9.3184
1.3145 8.6731
2.2778 8.106
2.4456 8.3102
2.0927 8.5886
3.2638 7.9949
2.6132 10.059
2.5945 10.464
2.5701 10.58
1.3884 11.18
-0.94229 9.4454
-6.1263 9.1208
-5.9335 8.911
-6.5703 7.7686
-6.8047 7.7923
-7.1585 7.5475
-1.1524 6.5302
-0.28883 8.1317
0.4179 8.1379
0.22134 8.6157
-0.23335 8.343
-0.67795 9.1468
-0.90318 9.4281
-0.96467 10.003
-1.337 9.8161
-1.4404 8.6855
-1.4469 8.6275
-5.6548 10.547
-6.6982 9.9836
-7.0326 9.4093
-7.3291 9.8388
-7.4957 10.59
-6.4694 10.388
-0.30527 10.2
-0.29226 10.163
0.28845 11.04
0.89456 10.811
0.27725 10.258
-0.56098 10.065
-4.5391 8.9533
-5.7493 8.9614
-6.8482 9.7031
-7.0074 9.8697
-7.2065 10.051
-8.3292 10.049
-8.0566 9.945
-7.0139 10.07
-7.2395 10.098
-7.7189 9.4471
-7.4689 8.8745
-8.1004 8.8426
-7.9942 8.7923
-7.942 9.6887
-6.7173 10.132
0.73172 8.3237
1.4424 8.6567
1.6998 9.0149
1.6313 8.8294
1.7974 9.0801
2.2242 9.053
-0.32905 9.7016
-5.737 9.2113
-6.5249 9.0667
-6.8472 8.5851
-6.9978 8.9738
-7.0699 9.2278
-6.6648 8.5987
-1.6628 7.7132
-0.36758 7.5453
-0.71518 8.1008
-1.0928 7.7391
-5.3966 9.608
-6.0447 9.8753
-6.3649 10.148
-6.5614 10.227
-7.2784 10.478
-7.1991 10.99
-7.2907 11.1
-7.1442 9.7976
-7.6649 10.234
-7.4716 10.797
-7.577 10.903
-7.0072 12.006
-6.4535 11.58
-5.7734 11.142
-0.1863 7.5961
0.56259 7.7431
0.05433 7.1458
-0.58475 7.3287
-6.8428 9.8846
-6.7798 10.255
-6.0416 10.779
-4.7269 10.88
1.3869 10.425
1.7721 10.397
1.395 10.277
1.4043 9.0267
-1.0229 8.5374
-5.662 10.867
-6.3952 10.669
-6.0992 10.433
-5.5232 10.389
-1.1487 8.3436
0.18534 8.9165
0.69647 8.8602
0.54705 8.6549
0.92033 9.0237
1.3831 8.3658
1.3357 8.5824
0.80425 8.3794
0.22168 8.3447
-0.06408 8.6264
0.37543 8.8013
1.0372 9.5386
1.3035 9.1149
1.4953 9.3058
1.4932 9.3287
2.1557 9.6056
2.7535 9.901
1.9812 9.8492
2.4722 9.5569
1.6899 8.1776
1.6103 8.2816
1.5251 8.5764
1.8366 6.9557
0.21562 6.1383
0.566 6.6279
1.4006 8.7294
1.59 8.8281
2.0065 8.765
1.7738 8.7998
2.474 8.8448
2.5938 8.8109
4.4119 10.042
2.7534 10.595
2.3897 10.01
1.6882 9.2317
-1.2803 8.1065
-1.423 8.3944

-2.212 8.6904
-2.506 9.4525
-5.4334 10.246
-6.008 11.031
-5.6481 11.477
-0.16211 8.861
0.4138 9.1515
0.78808 9.5792
1.5176 9.6411
1.4754 9.7492
1.3247 10.266
1.1032 10.075
1.2178 10.271
1.1512 10.376
0.91624 10.536
1.7721 10.397
1.8449 10.333
1.9881 10.63
1.2536 9.2621
1.0037 8.3039
1.0662 8.1489
0.94485 7.6294
0.44424 7.3165
-0.07138 8.0584
-0.28883 8.1317
-0.57342 7.7069
-0.81942 8.3919
-0.73111 8.791
-0.70623 9.1298
-0.29613 9.4627
-0.50746 9.501
-0.5685 9.3584
-0.52276 8.9941
-0.33447 8.611
-0.34342 8.5369
-0.24041 8.4361
-0.06921 8.1777
-0.67795 9.1468
-0.30499 9.1995
-0.52572 9.3676
-0.51925 9.4633
0.02688 9.594
0.80481 10.146
0.70185 9.9348
0.56646 9.6193
0.82684 9.554
0.60203 9.9746
0.55419 10.168
0.381 10.228
-5.9164 9.659
-6.664 9.6697
-6.454 9.7384
-6.1332 11.063
-6.267 11.134
-5.6789 10.509
-5.6548 10.547
-5.5389 9.6238
-4.9586 9.6976
-1.2806 9.3547
0.21695 9.1868
0.78966 9.3184
1.0112 9.6215
1.3145 8.6731
2.2778 8.106
2.4456 8.3102
2.0927 8.5886
3.2638 7.9949
2.6132 10.059
2.5945 10.464
2.5701 10.58
1.3884 11.18
-0.94229 9.4454
-6.1263 9.1208
-5.9335 8.911
-6.5703 7.7686
-6.8047 7.7923
-7.1585 7.5475
-1.1524 6.5302
-0.36758 7.5453
0.4179 8.1379
0.22134 8.6157
-0.23335 8.343
-0.25052 8.2735
-0.90318 9.4281
-0.96467 10.003
-1.337 9.8161
-1.4404 8.6855
-1.4469 8.6275
-6.8428 9.8846
-6.6982 9.9836
-7.0326 9.4093
-7.3291 9.8388
-7.0139 10.07
-6.4694 10.388
-0.30527 10.2
-0.29226 10.163
0.28845 11.04
0.89456 10.811
0.27725 10.258
-0.56098 10.065
-4.5391 8.9533
-6.5249 9.0667
-6.8482 9.7031
-7.0074 9.8697
-7.2065 10.051
-8.3292 10.049
-8.0566 9.945
-7.6649 10.234
-7.1442 9.7976
-7.7189 9.4471
-7.4689 8.8745
-8.1004 8.8426
-7.9942 8.7923
-7.942 9.6887
-6.7173 10.132
0.54705 8.6549
1.4424 8.6567
1.6998 9.0149
1.6313 8.8294
1.7974 9.0801
2.2242 9.053
-0.32905 9.7016
-5.737 9.2113
-5.7493 8.9614
-7.0699 9.2278
-6.9978 8.9738
-6.8472 8.5851
-6.6648 8.5987
-1.6628 7.7132
-0.73084 7.6444
-0.71518 8.1008
-1.0928 7.7391
-5.3966 9.608
-6.0447 9.8753
-6.3649 10.148
-6.5614 10.227
-7.2784 10.478
-7.1991 10.99
-7.2907 11.1
-7.2395 10.098
-7.4957 10.59
-7.4716 10.797
-7.577 10.903
-7.0072 12.006
-6.4535 11.58
-5.7734 11.142
-0.1863 7.5961
0.56259 7.7431
0.05433 7.1458
-0.58475 7.3287
-5.8466 9.585
-6.7798 10.255
-6.0416 10.779
-4.7269 10.88
1.2204 10.108
1.3869 10.425
1.395 10.277
1.0372 9.5386
-1.0229 8.5374
-5.662 10.867
-6.3952 10.669
-6.0992 10.433
-5.5232 10.389
-1.1487 8.3436
0.18534 8.9165
0.69647 8.8602
0.73172 8.3237
0.92033 9.0237
1.3831 8.3658
1.3357 8.5824
0.80425 8.3794
0.22168 8.3447
-0.06408 8.6264
0.37543 8.8013
1.4043 9.0267
1.3035 9.1149
1.4953 9.3058
1.4932 9.3287
2.4722 9.5569
2.3897 10.01
1.9812 9.8492
2.1557 9.6056
1.6899 8.1776
1.5251 8.5764
1.6103 8.2816
1.8366 6.9557
0.21562 6.1383
0.566 6.6279
1.4006 8.7294
1.59 8.8281
2.0065 8.765
1.7738 8.7998
2.474 8.8448
2.5938 8.8109
4.4119 10.042
2.7534 10.595
2.7535 9.901
1.6882 9.2317
-1.2803 8.1065
-1.423 8.3944

-2.212 8.6904
-2.506 9.4525
-5.4334 10.246
-6.008 11.031
-5.6481 11.477
-0.16211 8.861
0.4138 9.1515
0.78808 9.5792
1.5176 9.6411
1.4754 9.7492
1.2204 10.108
1.1032 10.075
1.2178 10.271
1.1512 10.376
0.91624 10.536
1.7721 10.397
1.8449 10.333
1.9881 10.63
1.2536 9.2621
1.0037 8.3039
1.0662 8.1489
0.94485 7.6294
0.56259 7.7431
-0.07138 8.0584
-0.28883 8.1317
-0.57342 7.7069
-0.81942 8.3919
-0.73111 8.791
-0.30499 9.1995
-0.29613 9.4627
-0.50746 9.501
-0.5685 9.3584
-0.52276 8.9941
-0.33447 8.611
-0.34342 8.5369
-0.24041 8.4361
-0.06921 8.1777
-0.67795 9.1468
-0.70623 9.1298
-0.52572 9.3676
-0.51925 9.4633
0.02688 9.594
0.80481 10.146
0.70185 9.9348
0.56646 9.6193
0.82684 9.554
0.60203 9.9746
0.55419 10.168
0.381 10.228
-5.9164 9.659
-5.8466 9.585
-6.454 9.7384
-6.1332 11.063
-6.267 11.134
-5.6789 10.509
-5.6548 10.547
-5.5389 9.6238
-4.9586 9.6976
-1.0229 8.5374
0.21695 9.1868
0.78966 9.3184
1.0112 9.6215
1.3145 8.6731
2.0927 8.5886
2.4456 8.3102
2.2778 8.106
3.2638 7.9949
4.4119 10.042
2.5945 10.464
2.5701 10.58
1.3247 10.266
-0.96467 10.003
-6.1263 9.1208
-5.9335 8.911
-6.5703 7.7686
-6.8047 7.7923
-7.1585 7.5475
-1.1524 6.5302
-0.36758 7.5453
0.4179 8.1379
0.22134 8.6157
-0.23335 8.343
-0.25052 8.2735
-0.90318 9.4281
-0.94229 9.4454
-1.337 9.8161
-1.4404 8.6855
-1.4469 8.6275
-6.8428 9.8846
-6.6982 9.9836
-7.0326 9.4093
-7.3291 9.8388
-7.0139 10.07
-6.4694 10.388
-0.30527 10.2
-0.29226 10.163
0.28845 11.04
0.89456 10.811
0.27725 10.258
-0.56098 10.065
-5.737 9.2113
-6.5249 9.0667
-6.8482 9.7031
-7.0074 9.8697
-7.2065 10.051
-8.3292 10.049
-8.0566 9.945
-7.2395 10.098
-7.1442 9.7976
-7.7189 9.4471
-7.4689 8.8745
-8.1004 8.8426
-7.9942 8.7923
-7.942 9.6887
-6.7173 10.132
0.54705 8.6549
1.4424 8.6567
1.6998 9.0149
1.6313 8.8294
1.7974 9.0801
1.6882 9.2317
-0.32905 9.7016
-4.5391 8.9533
-5.7493 8.9614
-7.0699 9.2278
-6.9978 8.9738
-6.8472 8.5851
-6.6648 8.5987
-1.6628 7.7132
-0.73084 7.6444
-0.58475 7.3287
-1.0928 7.7391
-5.3966 9.608
-6.0447 9.8753
-6.3649 10.148
-6.5614 10.227
-7.2784 10.478
-7.1991 10.99
-7.2907 11.1
-7.6649 10.234
-7.4957 10.59
-7.4716 10.797
-7.577 10.903
-7.0072 12.006
-6.4535 11.58
-5.7734 11.142
0.05433 7.1458
0.44424 7.3165
-0.1863 7.5961
-0.71518 8.1008
-6.664 9.6697
-6.7798 10.255
-6.3952 10.669
-4.7269 10.88
1.3884 11.18
1.3869 10.425
1.395 10.277
1.0372 9.5386
-1.2806 9.3547
-5.662 10.867
-6.0416 10.779
-6.0992 10.433
-5.5232 10.389
-1.1487 8.3436
0.18534 8.9165
0.69647 8.8602
0.92033 9.0237
0.80425 8.3794
1.3831 8.3658
1.3357 8.5824
0.73172 8.3237
0.22168 8.3447
-0.06408 8.6264
0.37543 8.8013
1.4043 9.0267
1.3035 9.1149
1.4953 9.3058
1.4932 9.3287
2.4722 9.5569
2.3897 10.01
1.9812 9.8492
2.1557 9.6056
1.6899 8.1776
1.5251 8.5764
1.6103 8.2816
1.8366 6.9557
0.21562 6.1383
0.566 6.6279
1.4006 8.7294
1.59 8.8281
2.0065 8.765
1.7738 8.7998
2.474 8.8448
2.5938 8.8109
2.6132 10.059
2.7534 10.595
2.7535 9.901
2.2242 9.053
-1.2803 8.1065
-1.423 8.3944

-2.212 8.6904
-2.506 9.4525
-5.4334 10.246
-6.008 11.031
-5.7734 11.142
0.21695 9.1868
0.4138 9.1515
0.78808 9.5792
1.5176 9.6411
1.4754 9.7492
1.2204 10.108
1.1032 10.075
1.2178 10.271
1.1512 10.376
0.91624 10.536
1.7721 10.397
1.8449 10.333
1.9881 10.63
1.3145 8.6731
1.0037 8.3039
1.0662 8.1489
0.94485 7.6294
0.56259 7.7431
-0.07138 8.0584
-0.28883 8.1317
-0.57342 7.7069
-0.81942 8.3919
-0.73111 8.791
-0.30499 9.1995
-0.29613 9.4627
-0.50746 9.501
-0.5685 9.3584
-0.52276 8.9941
-0.33447 8.611
-0.34342 8.5369
-0.24041 8.4361
0.22134 8.6157
-0.06408 8.6264
-0.16211 8.861
-0.52572 9.3676
-0.51925 9.4633
0.02688 9.594
0.70185 9.9348
1.0372 9.5386
0.56646 9.6193
0.82684 9.554
0.60203 9.9746
0.80481 10.146
0.381 10.228
-0.96467 10.003
-5.8466 9.585
-6.454 9.7384
-6.1332 11.063
-6.267 11.134
-5.6789 10.509
-5.6548 10.547
-5.5389 9.6238
-4.9586 9.6976
-1.0229 8.5374
-0.67795 9.1468
1.0112 9.6215
0.78966 9.3184
1.2536 9.2621
2.474 8.8448
2.4456 8.3102
2.2778 8.106
3.2638 7.9949
4.4119 10.042
2.5945 10.464
2.5701 10.58
1.3247 10.266
-0.32905 9.7016
-5.7493 8.9614
-5.9335 8.911
-7.1585 7.5475
-6.8047 7.7923
-6.5703 7.7686
-1.1524 6.5302
-0.36758 7.5453
0.4179 8.1379
-0.06921 8.1777
-0.23335 8.343
-0.25052 8.2735
-0.90318 9.4281
-0.94229 9.4454
-0.70623 9.1298
-1.4404 8.6855
-1.4469 8.6275
-6.664 9.6697
-6.6982 9.9836
-6.8428 9.8846
-7.1442 9.7976
-7.0139 10.07
-6.4694 10.388
-0.30527 10.2
-0.29226 10.163
0.28845 11.04
0.89456 10.811
0.27725 10.258
-1.2806 9.3547
-5.737 9.2113
-6.5249 9.0667
-6.8482 9.7031
-7.0074 9.8697
-7.2065 10.051
-8.3292 10.049
-8.0566 9.945
-7.3291 9.8388
-7.2395 10.098
-7.7189 9.4471
-7.942 9.6887
-8.1004 8.8426
-7.9942 8.7923
-7.4689 8.8745
-7.0326 9.4093
-5.9164 9.659
1.5251 8.5764
1.6313 8.8294
1.6998 9.0149
1.7974 9.0801
1.6882 9.2317
-1.337 9.8161
-4.5391 8.9533
-6.1263 9.1208
-7.0699 9.2278
-6.9978 8.9738
-6.8472 8.5851
-6.6648 8.5987
-1.6628 7.7132
-0.73084 7.6444
-0.58475 7.3287
-1.0928 7.7391
-5.3966 9.608
-6.0447 9.8753
-6.3649 10.148
-6.5614 10.227
-7.2784 10.478
-7.1991 10.99
-7.2907 11.1
-7.6649 10.234
-7.4957 10.59
-7.4716 10.797
-7.577 10.903
-7.0072 12.006
-6.4535 11.58
-5.6481 11.477
0.05433 7.1458
0.44424 7.3165
-0.1863 7.5961
-0.71518 8.1008
-6.7173 10.132
-6.7798 10.255
-6.3952 10.669
-4.7269 10.88
1.3884 11.18
1.3869 10.425
1.395 10.277
0.55419 10.168
-0.56098 10.065
-5.662 10.867
-6.0416 10.779
-6.0992 10.433
-5.5232 10.389
-1.1487 8.3436
0.18534 8.9165
0.69647 8.8602
0.92033 9.0237
0.80425 8.3794
1.3831 8.3658
1.3357 8.5824
0.73172 8.3237
0.22168 8.3447
0.54705 8.6549
0.37543 8.8013
1.4043 9.0267
1.3035 9.1149
1.4953 9.3058
1.4932 9.3287
2.4722 9.5569
2.3897 10.01
1.9812 9.8492
2.1557 9.6056
1.4424 8.6567
1.6899 8.1776
1.6103 8.2816
1.8366 6.9557
0.21562 6.1383
0.566 6.6279
1.4006 8.7294
1.59 8.8281
2.0065 8.765
1.7738 8.7998
2.0927 8.5886
2.5938 8.8109
2.6132 10.059
2.7534 10.595
2.7535 9.901
2.2242 9.053
-1.2803 8.1065
-1.423 8.3944

-2.212 8.6904
-4.9586 9.6976
-5.4334 10.246
-6.008 11.031
-5.7734 11.142
0.21695 9.1868
0.4138 9.1515
0.78808 9.5792
1.5176 9.6411
1.4754 9.7492
1.2204 10.108
1.1032 10.075
1.2178 10.271
1.1512 10.376
1.3247 10.266
1.7721 10.397
1.8449 10.333
1.9881 10.63
1.3145 8.6731
1.0037 8.3039
1.0662 8.1489
0.94485 7.6294
0.56259 7.7431
-0.07138 8.0584
-0.28883 8.1317
-0.71518 8.1008
-0.81942 8.3919
-0.73111 8.791
-0.16211 8.861
-0.29613 9.4627
-0.50746 9.501
-0.67795 9.1468
-0.52276 8.9941
-0.33447 8.611
-0.34342 8.5369
-0.24041 8.4361
0.22134 8.6157
-0.06408 8.6264
-0.30499 9.1995
-0.52572 9.3676
-0.51925 9.4633
0.02688 9.594
0.82684 9.554
1.0372 9.5386
1.0112 9.6215
0.70185 9.9348
0.60203 9.9746
0.55419 10.168
0.381 10.228
-0.96467 10.003
-5.8466 9.585
-6.3649 10.148
-6.1332 11.063
-6.267 11.134
-5.6789 10.509
-5.6548 10.547
-5.5232 10.389
-2.506 9.4525
-1.337 9.8161
-0.5685 9.3584
0.56646 9.6193
0.78966 9.3184
1.2536 9.2621
2.474 8.8448
2.4456 8.3102
2.2778 8.106
3.2638 7.9949
4.4119 10.042
2.5945 10.464
2.5701 10.58
0.91624 10.536
-0.32905 9.7016
-5.7493 8.9614
-5.9335 8.911
-7.1585 7.5475
-6.8047 7.7923
-6.5703 7.7686
-1.1524 6.5302
-0.36758 7.5453
0.4179 8.1379
-0.06921 8.1777
-0.23335 8.343
-0.25052 8.2735
-0.90318 9.4281
-0.94229 9.4454
-0.70623 9.1298
-1.4404 8.6855
-1.4469 8.6275
-6.664 9.6697
-6.6982 9.9836
-6.8428 9.8846
-7.1442 9.7976
-7.0139 10.07
-6.4694 10.388
-0.30527 10.2
-0.29226 10.163
0.28845 11.04
0.89456 10.811
0.27725 10.258
-1.2806 9.3547
-5.737 9.2113
-6.5249 9.0667
-6.8482 9.7031
-7.0074 9.8697
-7.2065 10.051
-8.3292 10.049
-8.0566 9.945
-7.3291 9.8388
-7.2395 10.098
-7.7189 9.4471
-7.942 9.6887
-8.1004 8.8426
-7.9942 8.7923
-7.4689 8.8745
-7.0326 9.4093
-5.9164 9.659
1.5251 8.5764
1.6313 8.8294
1.6998 9.0149
1.4953 9.3058
1.4932 9.3287
-1.0229 8.5374
-4.5391 8.9533
-6.1263 9.1208
-7.0699 9.2278
-6.9978 8.9738
-6.8472 8.5851
-6.6648 8.5987
-1.0928 7.7391
-0.73084 7.6444
-0.58475 7.3287
-1.6628 7.7132
-5.3966 9.608
-6.0447 9.8753
-6.454 9.7384
-6.5614 10.227
-7.2784 10.478
-7.1991 10.99
-7.2907 11.1
-7.6649 10.234
-7.4957 10.59
-7.4716 10.797
-7.577 10.903
-7.0072 12.006
-6.4535 11.58
-5.6481 11.477
0.05433 7.1458
0.44424 7.3165
-0.1863 7.5961
-0.57342 7.7069
-6.7173 10.132
-6.7798 10.255
-6.3952 10.669
-4.7269 10.88
1.3884 11.18
1.3869 10.425
1.395 10.277
0.80481 10.146
-0.56098 10.065
-5.662 10.867
-6.0416 10.779
-6.0992 10.433
-5.5389 9.6238
-1.1487 8.3436
0.18534 8.9165
0.69647 8.8602
0.92033 9.0237
1.3357 8.5824
1.3831 8.3658
0.80425 8.3794
0.73172 8.3237
0.22168 8.3447
0.54705 8.6549
0.37543 8.8013
1.4043 9.0267
1.3035 9.1149
1.6882 9.2317
2.2242 9.053
2.4722 9.5569
2.3897 10.01
1.9812 9.8492
1.7974 9.0801
1.4424 8.6567
1.6899 8.1776
1.6103 8.2816
1.8366 6.9557
0.21562 6.1383
0.566 6.6279
1.4006 8.7294
1.59 8.8281
2.0065 8.765
1.7738 8.7998
2.0927 8.5886
2.5938 8.8109
2.6132 10.059
2.7534 10.595
2.7535 9.901
2.1557 9.6056
-1.2803 8.1065
-1.423 8.3944

-2.212 8.6904
-4.9586 9.6976
-5.4334 10.246
-5.6789 10.509
-5.6548 10.547
0.21695 9.1868
0.4138 9.1515
0.78966 9.3184
1.5176 9.6411
1.4754 9.7492
1.2204 10.108
1.1032 10.075
1.2178 10.271
1.395 10.277
1.3247 10.266
1.7721 10.397
1.8449 10.333
1.9881 10.63
1.3145 8.6731
1.0037 8.3039
1.0662 8.1489
0.94485 7.6294
0.56259 7.7431
0.4179 8.1379
-0.28883 8.1317
-0.71518 8.1008
-0.81942 8.3919
-0.73111 8.791
-0.30499 9.1995
-0.29613 9.4627
-0.5685 9.3584
-0.67795 9.1468
-0.52276 8.9941
-0.33447 8.611
-0.34342 8.5369
-0.24041 8.4361
0.22134 8.6157
-0.06408 8.6264
-0.16211 8.861
-0.52572 9.3676
-0.51925 9.4633
0.02688 9.594
0.82684 9.554
1.0372 9.5386
1.0112 9.6215
0.70185 9.9348
0.60203 9.9746
0.55419 10.168
0.381 10.228
-0.96467 10.003
-5.8466 9.585
-6.3649 10.148
-6.1332 11.063
-6.267 11.134
-6.008 11.031
-5.7734 11.142
-5.5232 10.389
-2.506 9.4525
-1.337 9.8161
-0.50746 9.501
0.56646 9.6193
0.78808 9.5792
1.2536 9.2621
2.474 8.8448
2.4456 8.3102
2.2778 8.106
3.2638 7.9949
4.4119 10.042
2.5945 10.464
2.5701 10.58
0.91624 10.536
-0.32905 9.7016
-5.7493 8.9614
-5.9335 8.911
-7.1585 7.5475
-6.8047 7.7923
-6.5703 7.7686
-1.1524 6.5302
-0.36758 7.5453
-0.07138 8.0584
-0.06921 8.1777
-0.23335 8.343
-0.25052 8.2735
-0.90318 9.4281
-0.94229 9.4454
-0.70623 9.1298
-1.4404 8.6855
-6.454 9.7384
-6.664 9.6697
-6.6982 9.9836
-6.8428 9.8846
-7.1442 9.7976
-7.0074 9.8697
-5.9164 9.659
-0.30527 10.2
-0.29226 10.163
0.28845 11.04
0.89456 10.811
0.27725 10.258
-1.2806 9.3547
-5.737 9.2113
-6.1263 9.1208
-6.8482 9.7031
-7.0139 10.07
-7.2065 10.051
-8.3292 10.049
-8.0566 9.945
-7.3291 9.8388
-7.2395 10.098
-7.7189 9.4471
-7.942 9.6887
-8.1004 8.8426
-7.9942 8.7923
-7.4689 8.8745
-7.0326 9.4093
-1.4469 8.6275
1.5251 8.5764
1.6313 8.8294
1.6998 9.0149
1.4953 9.3058
1.4932 9.3287
-1.0229 8.5374
-4.5391 8.9533
-6.5249 9.0667
-7.0699 9.2278
-6.9978 8.9738
-6.8472 8.5851
-6.6648 8.5987
-1.0928 7.7391
-0.73084 7.6444
-0.58475 7.3287
-1.6628 7.7132
-5.3966 9.608
-6.0447 9.8753
-6.4694 10.388
-6.5614 10.227
-7.2784 10.478
-7.1991 10.99
-7.2907 11.1
-7.6649 10.234
-7.4957 10.59
-7.4716 10.797
-7.577 10.903
-7.0072 12.006
-6.4535 11.58
-5.6481 11.477
0.05433 7.1458
0.44424 7.3165
-0.1863 7.5961
-0.57342 7.7069
-6.7173 10.132
-6.7798 10.255
-6.3952 10.669
-4.7269 10.88
1.3884 11.18
1.3869 10.425
1.1512 10.376
0.80481 10.146
-0.56098 10.065
-5.662 10.867
-6.0416 10.779
-6.0992 10.433
-5.5389 9.6238
-1.1487 8.3436
0.18534 8.9165
0.69647 8.8602
0.92033 9.0237
1.3357 8.5824
1.3831 8.3658
0.80425 8.3794
0.73172 8.3237
0.22168 8.3447
0.37543 8.8013
0.54705 8.6549
1.4043 9.0267
1.3035 9.1149
1.6882 9.2317
2.2242 9.053
2.4722 9.5569
2.3897 10.01
1.9812 9.8492
1.7974 9.0801
1.59 8.8281
1.6899 8.1776
1.6103 8.2816
1.8366 6.9557
0.21562 6.1383
0.566 6.6279
1.4006 8.7294
1.4424 8.6567
2.0065 8.765
1.7738 8.7998
2.0927 8.5886
2.5938 8.8109
2.6132 10.059
2.7534 10.595
2.7535 9.901
2.1557 9.6056
-1.2803 8.1065
-1.423 8.3944

-2.212 8.6904
-4.9586 9.6976
-5.4334 10.246
-5.6789 10.509
-5.5232 10.389
0.21695 9.1868
0.4138 9.1515
0.78966 9.3184
1.5176 9.6411
1.4754 9.7492
1.2204 10.108
1.1032 10.075
1.2178 10.271
1.3247 10.266
1.395 10.277
1.7721 10.397
1.8449 10.333
1.9881 10.63
1.3145 8.6731
1.0037 8.3039
1.0662 8.1489
0.94485 7.6294
0.56259 7.7431
0.4179 8.1379
-0.28883 8.1317
-0.71518 8.1008
-0.81942 8.3919
-0.73111 8.791
-0.67795 9.1468
-0.29613 9.4627
-0.51925 9.4633
-0.30499 9.1995
-0.52276 8.9941
-0.33447 8.611
-0.34342 8.5369
-0.24041 8.4361
0.22134 8.6157
-0.06408 8.6264
-0.16211 8.861
-0.52572 9.3676
-0.5685 9.3584
0.02688 9.594
0.82684 9.554
1.0372 9.5386
1.0112 9.6215
0.70185 9.9348
0.60203 9.9746
0.55419 10.168
0.381 10.228
-0.96467 10.003
-5.3966 9.608
-6.0992 10.433
-6.1332 11.063
-6.267 11.134
-6.008 11.031
-5.7734 11.142
-5.6548 10.547
-2.506 9.4525
-1.337 9.8161
-0.50746 9.501
0.56646 9.6193
0.78808 9.5792
1.4932 9.3287
2.474 8.8448
2.4456 8.3102
2.2778 8.106
3.2638 7.9949
4.4119 10.042
2.7534 10.595
2.5701 10.58
0.91624 10.536
0.89456 10.811
-5.7493 8.9614
-5.9335 8.911
-7.1585 7.5475
-6.8047 7.7923
-6.5703 7.7686
-1.1524 6.5302
-0.36758 7.5453
-0.07138 8.0584
-0.06921 8.1777
-0.23335 8.343
-0.25052 8.2735
-0.90318 9.4281
-0.94229 9.4454
-1.2806 9.3547
-5.5389 9.6238
-5.9164 9.659
-6.664 9.6697
-6.8482 9.7031
-6.8428 9.8846
-7.1442 9.7976
-7.0074 9.8697
-6.454 9.7384
-0.29226 10.163
-0.30527 10.2
-0.56098 10.065
0.27725 10.258
-0.32905 9.7016
-0.70623 9.1298
-5.737 9.2113
-6.1263 9.1208
-6.6982 9.9836
-7.0139 10.07
-7.2395 10.098
-8.3292 10.049
-8.0566 9.945
-7.3291 9.8388
-7.2065 10.051
-7.7189 9.4471
-7.942 9.6887
-8.1004 8.8426
-7.9942 8.7923
-7.4689 8.8745
-7.0326 9.4093
-1.4469 8.6275
1.5251 8.5764
1.6313 8.8294
1.6998 9.0149
1.4953 9.3058
1.2536 9.2621
-1.0229 8.5374
-4.5391 8.9533
-6.5249 9.0667
-7.0699 9.2278
-6.9978 8.9738
-6.8472 8.5851
-6.6648 8.5987
-1.0928 7.7391
-0.73084 7.6444
-0.58475 7.3287
-1.6628 7.7132
-5.8466 9.585
-6.0447 9.8753
-6.4694 10.388
-6.5614 10.227
-7.2784 10.478
-7.1991 10.99
-7.2907 11.1
-7.4716 10.797
-7.4957 10.59
-7.6649 10.234
-7.577 10.903
-7.0072 12.006
-6.4535 11.58
-5.6481 11.477
-0.1863 7.5961
0.44424 7.3165
0.05433 7.1458
-0.57342 7.7069
-6.7173 10.132
-6.7798 10.255
-6.3952 10.669
-4.7269 10.88
1.3884 11.18
1.3869 10.425
1.1512 10.376
0.80481 10.146
0.28845 11.04
-5.662 10.867
-6.0416 10.779
-6.3649 10.148
-1.4404 8.6855
-1.1487 8.3436
0.18534 8.9165
0.69647 8.8602
0.92033 9.0237
1.3357 8.5824
1.3831 8.3658
0.80425 8.3794
0.73172 8.3237
0.22168 8.3447
0.37543 8.8013
0.54705 8.6549
1.4043 9.0267
1.3035 9.1149
1.6882 9.2317
2.2242 9.053
2.4722 9.5569
2.3897 10.01
1.9812 9.8492
1.7974 9.0801
1.59 8.8281
1.6103 8.2816
1.6899 8.1776
1.8366 6.9557
0.21562 6.1383
0.566 6.6279
1.4006 8.7294
1.4424 8.6567
2.0065 8.765
1.7738 8.7998
2.0927 8.5886
2.5938 8.8109
2.6132 10.059
2.5945 10.464
2.7535 9.901
2.1557 9.6056
-1.2803 8.1065
-1.423 8.3944

-2.212 8.6904
-4.9586 9.6976
-5.4334 10.246
-5.6789 10.509
-5.5232 10.389
0.21695 9.1868
0.4138 9.1515
0.78966 9.3184
1.5176 9.6411
1.4754 9.7492
1.2204 10.108
1.1032 10.075
1.2178 10.271
1.3247 10.266
1.395 10.277
1.7721 10.397
1.8449 10.333
1.9881 10.63
1.3357 8.5824
1.0037 8.3039
1.0662 8.1489
0.94485 7.6294
0.56259 7.7431
0.4179 8.1379
-0.28883 8.1317
-0.71518 8.1008
-0.81942 8.3919
-0.73111 8.791
-0.67795 9.1468
-0.70623 9.1298
-0.51925 9.4633
-0.30499 9.1995
-0.52276 8.9941
-0.33447 8.611
-0.34342 8.5369
-0.24041 8.4361
0.22134 8.6157
-0.06408 8.6264
-0.16211 8.861
-0.52572 9.3676
-0.5685 9.3584
0.02688 9.594
0.82684 9.554
1.0372 9.5386
1.0112 9.6215
0.70185 9.9348
0.60203 9.9746
0.55419 10.168
-0.56098 10.065
-0.96467 10.003
-5.3966 9.608
-6.0992 10.433
-6.1332 11.063
-6.267 11.134
-6.008 11.031
-5.7734 11.142
-4.7269 10.88
-2.506 9.4525
-0.50746 9.501
-0.29613 9.4627
0.56646 9.6193
0.78808 9.5792
1.7974 9.0801
2.5938 8.8109
2.4456 8.3102
2.2778 8.106
3.2638 7.9949
4.4119 10.042
2.7534 10.595
2.5701 10.58
0.89456 10.811
0.91624 10.536
-5.7493 8.9614
-5.9335 8.911
-7.1585 7.5475
-6.8047 7.7923
-6.5703 7.7686
-1.1524 6.5302
-0.36758 7.5453
-0.07138 8.0584
-0.06921 8.1777
-0.23335 8.343
-0.25052 8.2735
-0.90318 9.4281
-0.94229 9.4454
-1.2806 9.3547
-5.5389 9.6238
-5.9164 9.659
-6.664 9.6697
-6.8428 9.8846
-6.8482 9.7031
-7.1442 9.7976
-7.0074 9.8697
-6.454 9.7384
-0.29226 10.163
-0.30527 10.2
0.381 10.228
0.27725 10.258
-0.32905 9.7016
-1.337 9.8161
-5.737 9.2113
-6.1263 9.1208
-6.6982 9.9836
-7.0139 10.07
-7.2395 10.098
-8.3292 10.049
-8.0566 9.945
-7.3291 9.8388
-7.2065 10.051
-7.7189 9.4471
-7.942 9.6887
-8.1004 8.8426
-7.9942 8.7923
-7.4689 8.8745
-7.0326 9.4093
-6.3649 10.148
1.59 8.8281
1.6313 8.8294
1.4932 9.3287
1.4953 9.3058
1.2536 9.2621
-1.0229 8.5374
-4.5391 8.9533
-6.5249 9.0667
-7.0699 9.2278
-6.9978 8.9738
-6.8472 8.5851
-6.6648 8.5987
-1.0928 7.7391
-0.73084 7.6444
-0.58475 7.3287
-1.6628 7.7132
-5.8466 9.585
-6.0447 9.8753
-6.4694 10.388
-6.5614 10.227
-7.2784 10.478
-7.1991 10.99
-7.2907 11.1
-7.4716 10.797
-7.4957 10.59
-7.6649 10.234
-7.577 10.903
-7.0072 12.006
-6.4535 11.58
-5.6481 11.477
0.05433 7.1458
0.44424 7.3165
-0.1863 7.5961
-0.57342 7.7069
-6.7173 10.132
-6.7798 10.255
-6.3952 10.669
-6.0416 10.779
0.80481 10.146
1.3869 10.425
1.1512 10.376
1.3884 11.18
0.28845 11.04
-5.662 10.867
-5.6548 10.547
-1.4469 8.6275
-1.4404 8.6855
-1.1487 8.3436
0.18534 8.9165
0.37543 8.8013
0.92033 9.0237
1.3145 8.6731
1.3831 8.3658
0.80425 8.3794
0.73172 8.3237
0.22168 8.3447
0.54705 8.6549
0.69647 8.8602
1.4043 9.0267
1.3035 9.1149
1.6882 9.2317
2.2242 9.053
2.4722 9.5569
2.1557 9.6056
1.9812 9.8492
1.6998 9.0149
2.0065 8.765
1.6103 8.2816
1.6899 8.1776
1.8366 6.9557
0.21562 6.1383
0.566 6.6279
1.5251 8.5764
1.4424 8.6567
1.4006 8.7294
1.7738 8.7998
2.0927 8.5886
2.474 8.8448
2.6132 10.059
2.5945 10.464
2.7535 9.901
2.3897 10.01
-1.2803 8.1065
-1.423 8.3944

-2.212 8.6904
-4.9586 9.6976
-5.4334 10.246
-5.6789 10.509
-5.5232 10.389
0.21695 9.1868
0.4138 9.1515
0.78966 9.3184
1.5176 9.6411
1.4754 9.7492
1.2204 10.108
1.1032 10.075
1.2178 10.271
1.3247 10.266
1.395 10.277
1.7721 10.397
1.9881 10.63
1.8449 10.333
1.3357 8.5824
1.3831 8.3658
1.0662 8.1489
0.94485 7.6294
0.56259 7.7431
0.4179 8.1379
-0.28883 8.1317
-0.71518 8.1008
-0.81942 8.3919
-0.73111 8.791
-0.67795 9.1468
-0.70623 9.1298
-0.52572 9.3676
-0.30499 9.1995
-0.52276 8.9941
-0.33447 8.611
-0.34342 8.5369
-0.24041 8.4361
-0.06408 8.6264
0.22134 8.6157
-0.16211 8.861
-0.51925 9.4633
-0.5685 9.3584
0.02688 9.594
0.78808 9.5792
0.82684 9.554
1.0112 9.6215
0.70185 9.9348
0.60203 9.9746
0.55419 10.168
-0.56098 10.065
-0.96467 10.003
-5.3966 9.608
-6.0992 10.433
-6.267 11.134
-6.1332 11.063
-6.008 11.031
-5.7734 11.142
-4.7269 10.88
-1.337 9.8161
-0.50746 9.501
-0.29613 9.4627
0.56646 9.6193
1.0372 9.5386
1.6882 9.2317
2.0927 8.5886
2.4456 8.3102
2.2778 8.106
3.2638 7.9949
4.4119 10.042
2.7534 10.595
2.5701 10.58
0.89456 10.811
0.91624 10.536
-5.7493 8.9614
-5.9335 8.911
-7.1585 7.5475
-6.8047 7.7923
-6.5703 7.7686
-1.1524 6.5302
-0.36758 7.5453
-0.07138 8.0584
-0.06921 8.1777
-0.23335 8.343
-0.25052 8.2735
-0.90318 9.4281
-0.94229 9.4454
-1.2806 9.3547
-5.5389 9.6238
-5.9164 9.659
-6.664 9.6697
-6.8428 9.8846
-7.0074 9.8697
-7.1442 9.7976
-6.8482 9.7031
-6.454 9.7384
-0.29226 10.163
-0.30527 10.2
0.381 10.228
0.27725 10.258
-0.32905 9.7016
-2.506 9.4525
-5.737 9.2113
-6.3649 10.148
-6.6982 9.9836
-7.0139 10.07
-7.2395 10.098
-8.3292 10.049
-8.0566 9.945
-7.3291 9.8388
-7.2065 10.051
-7.7189 9.4471
-7.942 9.6887
-8.1004 8.8426
-7.9942 8.7923
-7.4689 8.8745
-6.5249 9.0667
-6.1263 9.1208
1.59 8.8281
1.6313 8.8294
1.4932 9.3287
1.4953 9.3058
1.2536 9.2621
-1.0229 8.5374
-4.5391 8.9533
-7.0326 9.4093
-7.0699 9.2278
-6.9978 8.9738
-6.8472 8.5851
-6.6648 8.5987
-1.0928 7.7391
-0.73084 7.6444
-0.58475 7.3287
-1.6628 7.7132
-5.8466 9.585
-6.0447 9.8753
-6.4694 10.388
-6.5614 10.227
-7.2784 10.478
-7.1991 10.99
-7.2907 11.1
-7.4716 10.797
-7.4957 10.59
-7.6649 10.234
-7.577 10.903
-7.0072 12.006
-6.4535 11.58
-5.6481 11.477
0.05433 7.1458
0.44424 7.3165
-0.1863 7.5961
-0.57342 7.7069
-6.7173 10.132
-6.7798 10.255
-6.3952 10.669
-6.0416 10.779
0.80481 10.146
1.3869 10.425
1.1512 10.376
1.3884 11.18
0.28845 11.04
-5.662 10.867
-5.6548 10.547
-1.4469 8.6275
-1.4404 8.6855
-1.1487 8.3436
0.18534 8.9165
0.37543 8.8013
0.92033 9.0237
1.3145 8.6731
1.0037 8.3039
0.80425 8.3794
0.73172 8.3237
0.22168 8.3447
0.54705 8.6549
0.69647 8.8602
1.4043 9.0267
1.3035 9.1149
1.7974 9.0801
2.2242 9.053
2.4722 9.5569
2.1557 9.6056
1.9812 9.8492
1.6998 9.0149
2.0065 8.765
1.6103 8.2816
1.6899 8.1776
1.8366 6.9557
0.21562 6.1383
0.566 6.6279
1.5251 8.5764
1.4424 8.6567
1.4006 8.7294
1.7738 8.7998
2.474 8.8448
2.5938 8.8109
2.7535 9.901
2.5945 10.464
2.6132 10.059
2.3897 10.01
-1.2803 8.1065
-1.423 8.3944

-2.212 8.6904
-4.9586 9.6976
-5.3966 9.608
-5.6789 10.509
-5.5232 10.389
0.21695 9.1868
0.4138 9.1515
0.78966 9.3184
1.5176 9.6411
1.4754 9.7492
1.2204 10.108
1.1032 10.075
1.2178 10.271
1.3247 10.266
1.395 10.277
1.7721 10.397
1.9881 10.63
1.8449 10.333
1.3357 8.5824
1.3831 8.3658
1.0662 8.1489
0.94485 7.6294
0.56259 7.7431
0.4179 8.1379
-0.28883 8.1317
-0.71518 8.1008
-0.81942 8.3919
-0.73111 8.791
-0.67795 9.1468
-0.70623 9.1298
-0.52572 9.3676
-0.30499 9.1995
-0.52276 8.9941
-0.33447 8.611
-0.34342 8.5369
-0.24041 8.4361
0.22134 8.6157
-0.06408 8.6264
-0.16211 8.861
-0.5685 9.3584
-0.51925 9.4633
0.02688 9.594
0.78808 9.5792
0.82684 9.554
1.0112 9.6215
0.70185 9.9348
0.60203 9.9746
0.55419 10.168
-0.56098 10.065
-0.96467 10.003
-5.4334 10.246
-6.0992 10.433
-6.267 11.134
-6.1332 11.063
-6.008 11.031
-5.7734 11.142
-4.7269 10.88
-1.337 9.8161
-0.50746 9.501
-0.29613 9.4627
0.56646 9.6193
1.0372 9.5386
1.6882 9.2317
2.0927 8.5886
2.4456 8.3102
2.2778 8.106
3.2638 7.9949
4.4119 10.042
2.7534 10.595
2.5701 10.58
1.3869 10.425
1.1512 10.376
-5.7493 8.9614
-5.9335 8.911
-7.1585 7.5475
-6.8047 7.7923
-6.5703 7.7686
-1.1524 6.5302
-0.36758 7.5453
-0.07138 8.0584
-0.06921 8.1777
-0.23335 8.343
-0.25052 8.2735
-0.90318 9.4281
-0.94229 9.4454
-1.2806 9.3547
-5.5389 9.6238
-5.9164 9.659
-6.664 9.6697
-6.8428 9.8846
-7.0074 9.8697
-7.1442 9.7976
-6.8482 9.7031
-6.454 9.7384
-0.29226 10.163
-0.30527 10.2
0.381 10.228
0.27725 10.258
-0.32905 9.7016
-2.506 9.4525
-5.737 9.2113
-6.3649 10.148
-6.6982 9.9836
-7.0139 10.07
-7.2395 10.098
-7.2065 10.051
-8.0566 9.945
-8.3292 10.049
-7.3291 9.8388
-7.7189 9.4471
-7.942 9.6887
-8.1004 8.8426
-7.9942 8.7923
-7.4689 8.8745
-6.5249 9.0667
-6.1263 9.1208
1.59 8.8281
1.6313 8.8294
1.4953 9.3058
1.4932 9.3287
1.2536 9.2621
-1.1487 8.3436
-4.5391 8.9533
-7.0326 9.4093
-7.0699 9.2278
-6.9978 8.9738
-6.8472 8.5851
-6.6648 8.5987
-1.0928 7.7391
-0.73084 7.6444
-0.58475 7.3287
-1.6628 7.7132
-5.8466 9.585
-6.0447 9.8753
-6.4694 10.388
-6.5614 10.227
-7.2784 10.478
-7.1991 10.99
-7.2907 11.1
-7.4716 10.797
-7.4957 10.59
-7.6649 10.234
-7.577 10.903
-7.0072 12.006
-6.4535 11.58
-5.6481 11.477
0.05433 7.1458
0.44424 7.3165
-0.1863 7.5961
-0.57342 7.7069
-6.7173 10.132
-6.7798 10.255
-6.3952 10.669
-6.0416 10.779
0.80481 10.146
0.91624 10.536
0.89456 10.811
1.3884 11.18
0.28845 11.04
-5.662 10.867
-5.6548 10.547
-1.4469 8.6275
-1.4404 8.6855
-1.0229 8.5374
0.18534 8.9165
0.37543 8.8013
0.69647 8.8602
1.3145 8.6731
1.0037 8.3039
0.80425 8.3794
0.73172 8.3237
0.22168 8.3447
0.54705 8.6549
0.92033 9.0237
1.3035 9.1149
1.4043 9.0267
1.7974 9.0801
2.2242 9.053
2.4722 9.5569
2.1557 9.6056
1.9812 9.8492
1.6998 9.0149
1.7738 8.7998
1.6103 8.2816
1.6899 8.1776
1.8366 6.9557
0.21562 6.1383
0.566 6.6279
1.5251 8.5764
1.4424 8.6567
1.4006 8.7294
2.0065 8.765
2.474 8.8448
2.5938 8.8109
2.7535 9.901
2.6132 10.059
2.5945 10.464
2.3897 10.01
-1.2803 8.1065
-1.423 8.3944

-2.212 8.6904
-4.9586 9.6976
-5.3966 9.608
-5.4334 10.246
-5.5232 10.389
0.21695 9.1868
0.4138 9.1515
0.78966 9.3184
1.5176 9.6411
1.4754 9.7492
1.2204 10.108
1.1032 10.075
1.2178 10.271
1.3247 10.266
1.395 10.277
1.7721 10.397
1.9881 10.63
1.8449 10.333
1.3357 8.5824
1.3831 8.3658
1.0662 8.1489
0.94485 7.6294
0.56259 7.7431
0.4179 8.1379
-0.28883 8.1317
-0.71518 8.1008
-0.81942 8.3919
-0.73111 8.791
-0.67795 9.1468
-0.70623 9.1298
-0.52572 9.3676
-0.30499 9.1995
-0.52276 8.9941
-0.33447 8.611
-0.34342 8.5369
-0.24041 8.4361
0.22134 8.6157
-0.06408 8.6264
-0.16211 8.861
-0.5685 9.3584
-0.51925 9.4633
0.02688 9.594
0.78808 9.5792
0.82684 9.554
1.0112 9.6215
0.70185 9.9348
0.60203 9.9746
0.55419 10.168
-0.56098 10.065
-0.96467 10.003
-5.6789 10.509
-6.0416 10.779
-6.267 11.134
-6.1332 11.063
-6.008 11.031
-5.7734 11.142
-4.7269 10.88
-1.337 9.8161
-0.50746 9.501
-0.29613 9.4627
0.56646 9.6193
1.0372 9.5386
1.6882 9.2317
2.0927 8.5886
2.4456 8.3102
2.2778 8.106
3.2638 7.9949
4.4119 10.042
2.7534 10.595
2.5701 10.58
1.3869 10.425
1.1512 10.376
-5.7493 8.9614
-5.9335 8.911
-6.8047 7.7923
-7.1585 7.5475
-6.5703 7.7686
-1.1524 6.5302
-0.36758 7.5453
-0.07138 8.0584
-0.06921 8.1777
-0.23335 8.343
-0.25052 8.2735
-0.90318 9.4281
-0.94229 9.4454
-1.2806 9.3547
-5.5389 9.6238
-5.9164 9.659
-6.664 9.6697
-6.8428 9.8846
-7.0074 9.8697
-7.1442 9.7976
-6.8482 9.7031
-6.7173 10.132
-0.29226 10.163
-0.30527 10.2
0.381 10.228
0.27725 10.258
-0.32905 9.7016
-2.506 9.4525
-5.737 9.2113
-6.454 9.7384
-6.6982 9.9836
-7.0139 10.07
-7.2395 10.098
-7.2065 10.051
-7.3291 9.8388
-8.3292 10.049
-8.0566 9.945
-7.7189 9.4471
-7.942 9.6887
-8.1004 8.8426
-7.9942 8.7923
-7.4689 8.8745
-6.5249 9.0667
-6.1263 9.1208
1.4006 8.7294
1.6313 8.8294
1.4953 9.3058
1.4932 9.3287
1.2536 9.2621
-1.2803 8.1065
-4.5391 8.9533
-7.0326 9.4093
-7.0699 9.2278
-6.9978 8.9738
-6.8472 8.5851
-6.6648 8.5987
-0.57342 7.7069
-0.73084 7.6444
-1.0928 7.7391
-1.6628 7.7132
-5.8466 9.585
-6.0447 9.8753
-6.5614 10.227
-6.7798 10.255
-7.2784 10.478
-7.1991 10.99
-7.2907 11.1
-7.4716 10.797
-7.4957 10.59
-7.6649 10.234
-7.577 10.903
-7.0072 12.006
-6.4535 11.58
-5.6481 11.477
0.05433 7.1458
0.44424 7.3165
-0.1863 7.5961
-0.58475 7.3287
-6.3649 10.148
-6.4694 10.388
-6.3952 10.669
-6.0992 10.433
0.80481 10.146
0.91624 10.536
0.89456 10.811
1.3884 11.18
0.28845 11.04
-5.662 10.867
-5.6548 10.547
-1.4469 8.6275
-1.4404 8.6855
-1.0229 8.5374
0.18534 8.9165
0.37543 8.8013
0.69647 8.8602
1.3145 8.6731
1.0037 8.3039
0.80425 8.3794
0.73172 8.3237
0.22168 8.3447
0.54705 8.6549
0.92033 9.0237
1.3035 9.1149
1.4043 9.0267
1.7974 9.0801
2.2242 9.053
2.4722 9.5569
2.1557 9.6056
1.9812 9.8492
1.6998 9.0149
1.59 8.8281
1.6103 8.2816
1.6899 8.1776
1.8366 6.9557
0.21562 6.1383
0.566 6.6279
1.5251 8.5764
1.4424 8.6567
1.7738 8.7998
2.0065 8.765
2.474 8.8448
2.5938 8.8109
2.7535 9.901
2.6132 10.059
2.5945 10.464
2.3897 10.01
-1.1487 8.3436
-1.423 8.3944

-2.212 8.6904
-4.9586 9.6976
-5.3966 9.608
-5.4334 10.246
-1.4469 8.6275
0.21695 9.1868
0.4138 9.1515
0.78966 9.3184
1.5176 9.6411
1.4754 9.7492
1.1032 10.075
1.2204 10.108
1.2178 10.271
1.3247 10.266
1.395 10.277
1.7721 10.397
1.9881 10.63
1.8449 10.333
1.3357 8.5824
1.3831 8.3658
1.0662 8.1489
0.94485 7.6294
0.56259 7.7431
0.4179 8.1379
-0.28883 8.1317
-0.71518 8.1008
-0.81942 8.3919
-0.73111 8.791
-0.67795 9.1468
-0.70623 9.1298
-0.5685 9.3584
-0.30499 9.1995
-0.52276 8.9941
-0.33447 8.611
-0.34342 8.5369
-0.24041 8.4361
-0.06408 8.6264
0.22134 8.6157
-0.16211 8.861
-0.52572 9.3676
-0.29613 9.4627
0.02688 9.594
0.78808 9.5792
0.82684 9.554
1.0112 9.6215
0.70185 9.9348
0.60203 9.9746
0.55419 10.168
-0.56098 10.065
-0.96467 10.003
-5.662 10.867
-6.0416 10.779
-6.267 11.134
-6.1332 11.063
-6.008 11.031
-5.7734 11.142
-4.7269 10.88
-1.337 9.8161
-0.51925 9.4633
-0.50746 9.501
0.56646 9.6193
1.0372 9.5386
1.7974 9.0801
2.0927 8.5886
2.2778 8.106
2.4456 8.3102
3.2638 7.9949
4.4119 10.042
2.7534 10.595
2.5701 10.58
1.3869 10.425
1.1512 10.376
-5.7493 8.9614
-5.9335 8.911
-6.8047 7.7923
-7.1585 7.5475
-6.5703 7.7686
-1.1524 6.5302
-0.36758 7.5453
-0.07138 8.0584
-0.06921 8.1777
-0.25052 8.2735
-0.23335 8.343
-0.90318 9.4281
-0.94229 9.4454
-1.2806 9.3547
-5.5389 9.6238
-5.9164 9.659
-6.664 9.6697
-6.8482 9.7031
-7.0074 9.8697
-7.1442 9.7976
-6.8428 9.8846
-6.7173 10.132
-0.29226 10.163
-0.30527 10.2
0.381 10.228
0.27725 10.258
-0.32905 9.7016
-2.506 9.4525
-5.737 9.2113
-6.454 9.7384
-6.6982 9.9836
-7.0139 10.07
-7.2395 10.098
-7.2065 10.051
-7.3291 9.8388
-8.3292 10.049
-8.0566 9.945
-7.7189 9.4471
-7.942 9.6887
-8.1004 8.8426
-7.9942 8.7923
-7.4689 8.8745
-6.5249 9.0667
-4.5391 8.9533
1.4006 8.7294
1.4424 8.6567
1.4953 9.3058
1.4932 9.3287
1.2536 9.2621
-1.2803 8.1065
-6.1263 9.1208
-7.0326 9.4093
-7.0699 9.2278
-6.9978 8.9738
-6.8472 8.5851
-6.6648 8.5987
-0.57342 7.7069
-0.73084 7.6444
-1.0928 7.7391
-1.6628 7.7132
-5.8466 9.585
-6.0447 9.8753
-6.3649 10.148
-6.7798 10.255
-7.2784 10.478
-7.1991 10.99
-7.2907 11.1
-7.4716 10.797
-7.4957 10.59
-7.6649 10.234
-7.577 10.903
-7.0072 12.006
-6.4535 11.58
-5.6481 11.477
-0.1863 7.5961
0.44424 7.3165
0.05433 7.1458
-0.58475 7.3287
-6.5614 10.227
-6.4694 10.388
-6.3952 10.669
-6.0992 10.433
0.80481 10.146
0.91624 10.536
0.89456 10.811
1.3884 11.18
0.28845 11.04
-5.6789 10.509
-5.6548 10.547
-5.5232 10.389
-1.4404 8.6855
-1.0229 8.5374
0.18534 8.9165
0.37543 8.8013
0.69647 8.8602
1.3145 8.6731
1.0037 8.3039
0.80425 8.3794
0.73172 8.3237
0.22168 8.3447
0.54705 8.6549
0.92033 9.0237
1.3035 9.1149
1.4043 9.0267
1.6998 9.0149
2.2242 9.053
2.4722 9.5569
2.1557 9.6056
1.9812 9.8492
1.6882 9.2317
1.59 8.8281
1.6103 8.2816
1.6899 8.1776
1.8366 6.9557
0.21562 6.1383
0.566 6.6279
1.5251 8.5764
1.6313 8.8294
1.7738 8.7998
2.0065 8.765
2.474 8.8448
2.5938 8.8109
2.7535 9.901
2.6132 10.059
2.5945 10.464
2.3897 10.01
-1.1487 8.3436
-1.423 8.3944

-2.212 8.6904
-2.506 9.4525
-4.5391 8.9533
-1.4404 8.6855
-1.4469 8.6275
0.21695 9.1868
0.4138 9.1515
0.78966 9.3184
1.5176 9.6411
1.4754 9.7492
1.1032 10.075
1.2204 10.108
1.2178 10.271
1.3247 10.266
1.395 10.277
1.7721 10.397
1.9881 10.63
1.8449 10.333
1.3357 8.5824
1.3831 8.3658
1.0662 8.1489
0.94485 7.6294
0.56259 7.7431
0.4179 8.1379
-0.28883 8.1317
-0.71518 8.1008
-0.81942 8.3919
-0.73111 8.791
-0.70623 9.1298
-0.67795 9.1468
-0.5685 9.3584
-0.52572 9.3676
-0.52276 8.9941
-0.33447 8.611
-0.34342 8.5369
-0.24041 8.4361
-0.06408 8.6264
0.22134 8.6157
-0.16211 8.861
-0.30499 9.1995
-0.29613 9.4627
0.02688 9.594
0.78808 9.5792
0.82684 9.554
1.0112 9.6215
0.70185 9.9348
0.60203 9.9746
-0.29226 10.163
-0.56098 10.065
-0.96467 10.003
-5.662 10.867
-6.0416 10.779
-6.267 11.134
-6.1332 11.063
-6.008 11.031
-5.7734 11.142
-4.7269 10.88
-1.337 9.8161
-0.51925 9.4633
-0.50746 9.501
0.56646 9.6193
1.0372 9.5386
1.7974 9.0801
2.0927 8.5886
2.2778 8.106
2.4456 8.3102
3.2638 7.9949
4.4119 10.042
2.7534 10.595
2.5701 10.58
1.3869 10.425
1.1512 10.376
-5.7493 8.9614
-5.9335 8.911
-6.8047 7.7923
-7.1585 7.5475
-6.5703 7.7686
-1.1524 6.5302
-0.36758 7.5453
-0.07138 8.0584
-0.06921 8.1777
-0.25052 8.2735
-0.23335 8.343
-0.90318 9.4281
-0.94229 9.4454
-1.2806 9.3547
-5.5389 9.6238
-5.9164 9.659
-6.664 9.6697
-6.8482 9.7031
-7.0074 9.8697
-7.1442 9.7976
-6.8428 9.8846
-6.7173 10.132
-6.5614 10.227
-0.30527 10.2
0.381 10.228
0.27725 10.258
-0.32905 9.7016
-4.9586 9.6976
-5.737 9.2113
-6.454 9.7384
-6.6982 9.9836
-7.0139 10.07
-7.2395 10.098
-7.2065 10.051
-7.3291 9.8388
-8.3292 10.049
-8.0566 9.945
-7.7189 9.4471
-7.942 9.6887
-8.1004 8.8426
-7.9942 8.7923
-7.4689 8.8745
-6.5249 9.0667
-1.2803 8.1065
1.4006 8.7294
1.4424 8.6567
1.4953 9.3058
1.4932 9.3287
1.2536 9.2621
-5.3966 9.608
-6.1263 9.1208
-7.0326 9.4093
-7.0699 9.2278
-6.9978 8.9738
-6.8472 8.5851
-6.6648 8.5987
-0.57342 7.7069
-0.73084 7.6444
-1.0928 7.7391
-1.6628 7.7132
-5.8466 9.585
-6.0447 9.8753
-6.3649 10.148
-6.7798 10.255
-7.2784 10.478
-7.1991 10.99
-7.2907 11.1
-7.4716 10.797
-7.4957 10.59
-7.6649 10.234
-7.577 10.903
-7.0072 12.006
-6.4535 11.58
-5.6481 11.477
-0.1863 7.5961
0.44424 7.3165
0.05433 7.1458
-0.58475 7.3287
-6.0992 10.433
-6.4694 10.388
-6.3952 10.669
0.55419 10.168
0.80481 10.146
0.91624 10.536
0.89456 10.811
1.3884 11.18
0.28845 11.04
-5.6789 10.509
-5.6548 10.547
-5.5232 10.389
-5.4334 10.246
-1.0229 8.5374
0.18534 8.9165
0.37543 8.8013
0.69647 8.8602
1.3145 8.6731
1.0037 8.3039
0.80425 8.3794
0.73172 8.3237
0.22168 8.3447
0.54705 8.6549
0.92033 9.0237
1.3035 9.1149
1.4043 9.0267
1.6998 9.0149
2.2242 9.053
2.4722 9.5569
2.1557 9.6056
1.9812 9.8492
1.6882 9.2317
1.59 8.8281
1.6103 8.2816
1.6899 8.1776
1.8366 6.9557
0.21562 6.1383
0.566 6.6279
1.5251 8.5764
1.6313 8.8294
1.7738 8.7998
2.0065 8.765
2.474 8.8448
2.5938 8.8109
2.7535 9.901
2.6132 10.059
2.5945 10.464
2.3897 10.01
-1.1487 8.3436
-1.423 8.3944

