11.2 1.45
9.6209 2.5789
3.4141 6.967
0.2317 7.1818
-0.73646 2.8117
4.3341 6.154
3.4767 6.3673
-2.6305 1.2338
-2.0919 1.3484
-0.71975 2.0229
-0.63892 2.0092
-1.5084 3.1974
9.6465 3.2528
9.5652 3.0738
10.641 1.4712
10.931 2.5971
9.6736 2.2204
3.4957 6.186
2.3944 5.3752
4.0537 6.2882
-0.19967 3.4737
8.3879 1.7483
8.8928 0.97939
8.1228 3.7226
3.7386 5.954
2.3651 7.4391
0.05524 2.7696
-0.44192 2.5563
0.69505 2.7941
3.5095 7.2791
3.3174 7.6035
4.0382 6.3828
4.0051 7.2554
-3.2553 1.8522
-1.4661 3.2265
-1.8452 3.2853
2.6623 5.2155
-2.1377 3.412
3.0183 6.0338
-2.159 1.016
-0.60568 2.8817
8.8453 1.5916
3.0559 5.1962
8.5477 2.1307
9.6916 1.8391
-0.52082 1.8598
3.4715 6.7643
3.6004 7.6214
3.7681 5.7998
4.9385 7.4432
10.924 3.6888
3.8699 4.5873
9.7926 1.6832
12.08 2.6709
9.3742 2.4654
9.183 4.032
8.7989 1.837
9.3137 3.1843
2.1566 6.3821
-0.84328 1.4862
-1.8614 2.6927
-2.2485 2.7724
-3.9694 2.3882
-1.2702 2.5265
3.075 5.9727
3.8026 5.5345
5.6378 6.5361
3.1994 5.1926
-0.49553 2.0285
-2.0581 2.1147
2.5322 6.9085
3.5696 7.2382
-1.17 2.1419
-1.289 1.8419
-1.0103 2.922
-1.2312 3.3248
8.5191 1.9943
8.7603 2.8138
8.5845 2.6927
3.9622 5.6127
4.095 6.2737
3.626 6.3742
9.7849 4.7219
10.445 3.5699
-1.6884 3.3255
-1.5807 3.2368
10.801 1.9286
10.426 3.7139
-1.8018 1.0022
-1.9337 1.9706
9.5962 2.1534
9.896 2.679
2.6027 6.2069
-0.73985 4.1501
2.2876 5.421
-0.90821 2.2462
10.505 2.5591
10.708 2.8593
10.061 1.5724
9.6791 2.0568

9.3742 2.4654
8.5845 2.6927
8.1228 3.7226
3.8699 4.5873
0.69505 2.7941
-2.6305 1.2338
-2.2485 2.7724
-1.5807 3.2368
-1.289 1.8419
-1.2702 2.5265
-1.0103 2.922
-0.73985 4.1501
-1.17 2.1419
5.6378 6.5361
9.7849 4.7219
10.931 2.5971
10.445 3.5699
9.5652 3.0738
9.6791 2.0568
8.7989 1.837
9.7926 1.6832
9.6736 2.2204
9.5962 2.1534
9.6916 1.8391
8.3879 1.7483
-0.73646 2.8117
-1.6884 3.3255
-1.8614 2.6927
0.05524 2.7696
-0.49553 2.0285
-1.8452 3.2853
-1.8018 1.0022
-2.159 1.016
-3.2553 1.8522
-3.9694 2.3882
-2.0581 2.1147
-0.44192 2.5563
2.2876 5.421
2.3944 5.3752
3.9622 5.6127
4.3341 6.154
3.0559 5.1962
2.6623 5.2155
3.8026 5.5345
3.626 6.3742
4.0382 6.3828
4.095 6.2737
4.0537 6.2882
10.924 3.6888
10.426 3.7139
12.08 2.6709
10.708 2.8593
9.3137 3.1843
9.6465 3.2528
9.183 4.032
4.9385 7.4432
3.4767 6.3673
3.6004 7.6214
2.5322 6.9085
3.5095 7.2791
-1.4661 3.2265
-0.60568 2.8817
-0.71975 2.0229
-0.19967 3.4737
2.6027 6.2069
3.4141 6.967
3.1994 5.1926
0.2317 7.1818
-1.5084 3.1974
-0.52082 1.8598
-0.63892 2.0092
-0.90821 2.2462
-1.2312 3.3248
2.1566 6.3821
3.075 5.9727
3.0183 6.0338
3.7386 5.954
3.4957 6.186
3.4715 6.7643
3.3174 7.6035
4.0051 7.2554
3.5696 7.2382
2.3651 7.4391
-0.84328 1.4862
-2.0919 1.3484
-1.9337 1.9706
-2.1377 3.412
3.7681 5.7998
8.5191 1.9943
8.5477 2.1307
8.7603 2.8138
8.8928 0.97939
10.061 1.5724
10.641 1.4712
11.2 1.45
10.801 1.9286
10.505 2.5591
9.896 2.679
9.6209 2.5789
8.8453 1.5916

8.7603 2.8138
8.5845 2.6927
8.1228 3.7226
3.8699 4.5873
0.69505 2.7941
-2.6305 1.2338
-2.0581 2.1147
-1.8452 3.2853
-2.2485 2.7724
-1.2702 2.5265
-0.84328 1.4862
-0.63892 2.0092
-0.52082 1.8598
9.183 4.032
10.924 3.6888
9.3137 3.1843
9.6465 3.2528
9.896 2.679
9.5962 2.1534
9.6791 2.0568
8.7989 1.837
9.6736 2.2204
9.7926 1.6832
9.6916 1.8391
8.3879 1.7483
-0.73646 2.8117
-0.60568 2.8817
-1.17 2.1419
-1.6884 3.3255
-0.90821 2.2462
-1.9337 1.9706
-1.8018 1.0022
-2.159 1.016
-3.2553 1.8522
-3.9694 2.3882
-1.4661 3.2265
-0.73985 4.1501
2.2876 5.421
2.3944 5.3752
3.9622 5.6127
4.3341 6.154
3.0559 5.1962
3.4767 6.3673
4.0051 7.2554
3.3174 7.6035
4.0382 6.3828
4.095 6.2737
4.0537 6.2882
9.7849 4.7219
10.426 3.7139
12.08 2.6709
10.708 2.8593
10.931 2.5971
10.505 2.5591
5.6378 6.5361
4.9385 7.4432
3.5696 7.2382
3.4141 6.967
3.5095 7.2791
2.5322 6.9085
2.3651 7.4391
0.2317 7.1818
-1.2312 3.3248
-1.5807 3.2368
2.1566 6.3821
3.6004 7.6214
3.075 5.9727
-0.44192 2.5563
-0.71975 2.0229
-0.49553 2.0285
-2.0919 1.3484
-1.289 1.8419
2.6623 5.2155
3.7386 5.954
3.7681 5.7998
3.0183 6.0338
2.6027 6.2069
3.4957 6.186
3.4715 6.7643
3.626 6.3742
3.8026 5.5345
3.1994 5.1926
-0.19967 3.4737
-1.0103 2.922
-1.5084 3.1974
-1.8614 2.6927
-2.1377 3.412
0.05524 2.7696
8.5191 1.9943
8.5477 2.1307
8.8453 1.5916
8.8928 0.97939
10.061 1.5724
10.641 1.4712
11.2 1.45
10.801 1.9286
10.445 3.5699
9.5652 3.0738
9.6209 2.5789
9.3742 2.4654

8.7603 2.8138
8.5845 2.6927
8.1228 3.7226
3.8699 4.5873
-0.84328 1.4862
-1.17 2.1419
-1.289 1.8419
-2.1377 3.412
-2.2485 2.7724
-1.2702 2.5265
-0.90821 2.2462
-0.52082 1.8598
-0.63892 2.0092
9.183 4.032
9.5652 3.0738
9.3137 3.1843
9.6465 3.2528
9.3742 2.4654
9.6916 1.8391
9.6791 2.0568
9.7926 1.6832
9.6736 2.2204
9.5962 2.1534
8.7989 1.837
8.5477 2.1307
0.69505 2.7941
-1.9337 1.9706
-1.8614 2.6927
-2.0919 1.3484
-2.6305 1.2338
-2.159 1.016
-1.8018 1.0022
-2.0581 2.1147
-3.2553 1.8522
-3.9694 2.3882
-1.8452 3.2853
-1.6884 3.3255
-1.0103 2.922
2.1566 6.3821
2.6027 6.2069
3.4141 6.967
3.5095 7.2791
3.3174 7.6035
3.6004 7.6214
3.4715 6.7643
4.0051 7.2554
3.5696 7.2382
4.3341 6.154
9.7849 4.7219
10.426 3.7139
10.924 3.6888
10.931 2.5971
10.708 2.8593
10.445 3.5699
5.6378 6.5361
4.9385 7.4432
3.4767 6.3673
3.075 5.9727
3.626 6.3742
2.5322 6.9085
2.3651 7.4391
0.2317 7.1818
2.6623 5.2155
3.0559 5.1962
3.1994 5.1926
2.3944 5.3752
3.0183 6.0338
-0.44192 2.5563
-0.71975 2.0229
-0.49553 2.0285
-0.60568 2.8817
-0.73646 2.8117
-0.73985 4.1501
2.2876 5.421
3.8026 5.5345
3.7386 5.954
3.9622 5.6127
3.7681 5.7998
4.095 6.2737
4.0537 6.2882
4.0382 6.3828
3.4957 6.186
-0.19967 3.4737
-1.2312 3.3248
-1.5807 3.2368
-1.5084 3.1974
-1.4661 3.2265
0.05524 2.7696
8.3879 1.7483
8.5191 1.9943
8.8453 1.5916
8.8928 0.97939
10.061 1.5724
10.641 1.4712
11.2 1.45
10.801 1.9286
12.08 2.6709
10.505 2.5591
9.6209 2.5789
9.896 2.679

8.7603 2.8138
8.5845 2.6927
8.1228 3.7226
3.8699 4.5873
-0.84328 1.4862
-1.17 2.1419
-1.2702 2.5265
-1.8452 3.2853
-2.2485 2.7724
-1.8614 2.6927
-0.90821 2.2462
-0.71975 2.0229
-0.63892 2.0092
9.183 4.032
9.5652 3.0738
9.3137 3.1843
9.6465 3.2528
9.896 2.679
9.7926 1.6832
9.6916 1.8391
9.6791 2.0568
9.6736 2.2204
9.5962 2.1534
8.5191 1.9943
8.5477 2.1307
0.69505 2.7941
-1.289 1.8419
-1.9337 1.9706
-2.0581 2.1147
-2.0919 1.3484
-2.159 1.016
-1.8018 1.0022
-2.6305 1.2338
-3.2553 1.8522
-3.9694 2.3882
-2.1377 3.412
-1.6884 3.3255
-1.2312 3.3248
-0.19967 3.4737
2.6027 6.2069
3.4141 6.967
3.5095 7.2791
3.3174 7.6035
3.6004 7.6214
3.5696 7.2382
4.0051 7.2554
3.4715 6.7643
4.3341 6.154
9.7849 4.7219
10.426 3.7139
10.924 3.6888
10.931 2.5971
10.708 2.8593
10.445 3.5699
5.6378 6.5361
4.9385 7.4432
3.4767 6.3673
3.4957 6.186
3.626 6.3742
2.5322 6.9085
2.3651 7.4391
2.1566 6.3821
2.6623 5.2155
3.1994 5.1926
3.0559 5.1962
2.3944 5.3752
2.2876 5.421
-0.49553 2.0285
-0.52082 1.8598
-0.44192 2.5563
-0.60568 2.8817
-0.73646 2.8117
-1.0103 2.922
3.075 5.9727
3.8026 5.5345
3.9622 5.6127
3.7386 5.954
3.7681 5.7998
4.095 6.2737
4.0537 6.2882
4.0382 6.3828
3.0183 6.0338
0.2317 7.1818
-0.73985 4.1501
-1.5807 3.2368
-1.5084 3.1974
-1.4661 3.2265
0.05524 2.7696
8.3879 1.7483
8.7989 1.837
8.8453 1.5916
8.8928 0.97939
10.061 1.5724
10.641 1.4712
11.2 1.45
10.801 1.9286
12.08 2.6709
10.505 2.5591
9.6209 2.5789
9.3742 2.4654

8.7603 2.8138
8.5845 2.6927
8.1228 3.7226
3.8699 4.5873
-0.44192 2.5563
-1.17 2.1419
-1.2702 2.5265
-1.8614 2.6927
-2.1377 3.412
-1.8452 3.2853
-0.90821 2.2462
-0.71975 2.0229
-0.63892 2.0092
9.183 4.032
9.6465 3.2528
9.3137 3.1843
9.5652 3.0738
9.896 2.679
9.7926 1.6832
9.6916 1.8391
9.6791 2.0568
9.6736 2.2204
9.5962 2.1534
8.5191 1.9943
8.5477 2.1307
-0.84328 1.4862
-1.289 1.8419
-1.9337 1.9706
-2.0581 2.1147
-2.0919 1.3484
-2.159 1.016
-1.8018 1.0022
-2.6305 1.2338
-3.2553 1.8522
-3.9694 2.3882
-2.2485 2.7724
-1.6884 3.3255
-1.2312 3.3248
-0.19967 3.4737
3.4715 6.7643
3.4141 6.967
3.5095 7.2791
3.5696 7.2382
3.3174 7.6035
3.6004 7.6214
4.0051 7.2554
4.0382 6.3828
4.3341 6.154
9.7849 4.7219
10.426 3.7139
10.924 3.6888
10.931 2.5971
10.708 2.8593
10.445 3.5699
5.6378 6.5361
4.9385 7.4432
4.095 6.2737
4.0537 6.2882
3.4767 6.3673
2.5322 6.9085
2.3651 7.4391
3.0183 6.0338
3.075 5.9727
3.1994 5.1926
3.0559 5.1962
2.3944 5.3752
2.2876 5.421
0.05524 2.7696
-0.52082 1.8598
-0.49553 2.0285
-1.0103 2.922
-0.73646 2.8117
-0.60568 2.8817
2.6623 5.2155
3.7386 5.954
3.7681 5.7998
3.8026 5.5345
3.9622 5.6127
3.626 6.3742
3.4957 6.186
2.6027 6.2069
2.1566 6.3821
0.2317 7.1818
-0.73985 4.1501
-1.5807 3.2368
-1.5084 3.1974
-1.4661 3.2265
0.69505 2.7941
8.3879 1.7483
8.7989 1.837
8.8453 1.5916
8.8928 0.97939
10.061 1.5724
10.641 1.4712
11.2 1.45
12.08 2.6709
10.801 1.9286
10.505 2.5591
9.6209 2.5789
9.3742 2.4654

8.7603 2.8138
8.5845 2.6927
8.1228 3.7226
3.8699 4.5873
0.69505 2.7941
-0.90821 2.2462
-1.2702 2.5265
-1.8614 2.6927
-2.2485 2.7724
-1.8452 3.2853
-1.17 2.1419
-0.71975 2.0229
-0.63892 2.0092
9.183 4.032
9.3137 3.1843
9.6465 3.2528
9.5652 3.0738
9.6209 2.5789
9.6736 2.2204
9.6791 2.0568
9.6916 1.8391
9.7926 1.6832
9.5962 2.1534
8.5191 1.9943
8.5477 2.1307
-0.84328 1.4862
-1.289 1.8419
-1.9337 1.9706
-2.0581 2.1147
-2.0919 1.3484
-1.8018 1.0022
-2.159 1.016
-2.6305 1.2338
-3.2553 1.8522
-3.9694 2.3882
-2.1377 3.412
-1.6884 3.3255
-1.2312 3.3248
2.3944 5.3752
3.4715 6.7643
3.4141 6.967
3.5696 7.2382
3.5095 7.2791
3.3174 7.6035
3.6004 7.6214
4.0051 7.2554
4.095 6.2737
4.3341 6.154
9.7849 4.7219
10.426 3.7139
10.924 3.6888
10.931 2.5971
10.708 2.8593
10.445 3.5699
5.6378 6.5361
4.9385 7.4432
4.0382 6.3828
4.0537 6.2882
3.4767 6.3673
2.5322 6.9085
2.3651 7.4391
3.0183 6.0338
3.075 5.9727
3.1994 5.1926
3.0559 5.1962
2.6623 5.2155
2.2876 5.421
0.05524 2.7696
-0.52082 1.8598
-0.49553 2.0285
-0.44192 2.5563
-0.73646 2.8117
-0.60568 2.8817
-0.19967 3.4737
3.7386 5.954
3.7681 5.7998
3.8026 5.5345
3.9622 5.6127
3.626 6.3742
3.4957 6.186
2.6027 6.2069
2.1566 6.3821
0.2317 7.1818
-0.73985 4.1501
-1.5807 3.2368
-1.5084 3.1974
-1.4661 3.2265
-1.0103 2.922
8.3879 1.7483
8.7989 1.837
8.8453 1.5916
8.8928 0.97939
10.061 1.5724
10.641 1.4712
11.2 1.45
12.08 2.6709
10.801 1.9286
10.505 2.5591
9.896 2.679
9.3742 2.4654

8.7603 2.8138
8.5845 2.6927
8.1228 3.7226
3.8699 4.5873
0.69505 2.7941
-0.44192 2.5563
-1.2702 2.5265
-1.8452 3.2853
-2.2485 2.7724
-1.8614 2.6927
-1.17 2.1419
-0.71975 2.0229
-0.52082 1.8598
9.183 4.032
9.3137 3.1843
9.6465 3.2528
9.5652 3.0738
9.6209 2.5789
9.6736 2.2204
9.6791 2.0568
9.6916 1.8391
9.7926 1.6832
9.5962 2.1534
8.5477 2.1307
8.5191 1.9943
-0.84328 1.4862
-1.289 1.8419
-1.9337 1.9706
-2.0581 2.1147
-2.0919 1.3484
-1.8018 1.0022
-2.159 1.016
-2.6305 1.2338
-3.2553 1.8522
-3.9694 2.3882
-2.1377 3.412
-1.6884 3.3255
-1.5807 3.2368
2.2876 5.421
3.4715 6.7643
3.4141 6.967
3.5696 7.2382
3.5095 7.2791
3.3174 7.6035
3.6004 7.6214
4.0051 7.2554
4.0382 6.3828
4.3341 6.154
9.7849 4.7219
10.426 3.7139
10.924 3.6888
10.931 2.5971
10.708 2.8593
10.445 3.5699
5.6378 6.5361
4.9385 7.4432
4.095 6.2737
4.0537 6.2882
3.4767 6.3673
2.3651 7.4391
2.5322 6.9085
3.0183 6.0338
3.075 5.9727
3.1994 5.1926
3.0559 5.1962
2.6623 5.2155
2.3944 5.3752
0.05524 2.7696
-0.49553 2.0285
-0.63892 2.0092
-0.90821 2.2462
-0.73646 2.8117
-0.60568 2.8817
-0.19967 3.4737
3.9622 5.6127
3.8026 5.5345
3.7681 5.7998
3.7386 5.954
3.626 6.3742
3.4957 6.186
2.6027 6.2069
2.1566 6.3821
0.2317 7.1818
-0.73985 4.1501
-1.2312 3.3248
-1.5084 3.1974
-1.4661 3.2265
-1.0103 2.922
8.3879 1.7483
8.7989 1.837
8.8453 1.5916
8.8928 0.97939
10.061 1.5724
10.641 1.4712
11.2 1.45
12.08 2.6709
10.801 1.9286
10.505 2.5591
9.896 2.679
9.3742 2.4654

8.7603 2.8138
8.5845 2.6927
8.1228 3.7226
3.8699 4.5873
0.69505 2.7941
-0.44192 2.5563
-1.2702 2.5265
-1.8452 3.2853
-2.2485 2.7724
-1.8614 2.6927
-1.17 2.1419
-0.71975 2.0229
-0.52082 1.8598
9.183 4.032
9.3137 3.1843
9.6465 3.2528
9.5652 3.0738
9.6209 2.5789
9.6736 2.2204
9.6791 2.0568
9.6916 1.8391
9.7926 1.6832
9.5962 2.1534
8.5477 2.1307
8.5191 1.9943
-0.84328 1.4862
-1.289 1.8419
-1.9337 1.9706
-2.0581 2.1147
-2.0919 1.3484
-1.8018 1.0022
-2.159 1.016
-2.6305 1.2338
-3.2553 1.8522
-3.9694 2.3882
-2.1377 3.412
-1.6884 3.3255
-1.5807 3.2368
2.2876 5.421
3.4715 6.7643
3.4141 6.967
3.5696 7.2382
3.5095 7.2791
3.3174 7.6035
3.6004 7.6214
4.0051 7.2554
4.0382 6.3828
4.9385 7.4432
5.6378 6.5361
10.426 3.7139
10.924 3.6888
10.931 2.5971
10.708 2.8593
10.445 3.5699
9.7849 4.7219
4.3341 6.154
4.095 6.2737
4.0537 6.2882
3.626 6.3742
2.3651 7.4391
2.5322 6.9085
3.0183 6.0338
3.075 5.9727
3.1994 5.1926
3.0559 5.1962
2.6623 5.2155
2.3944 5.3752
0.05524 2.7696
-0.49553 2.0285
-0.63892 2.0092
-0.90821 2.2462
-0.73646 2.8117
-0.60568 2.8817
-0.19967 3.4737
3.8026 5.5345
3.9622 5.6127
3.7681 5.7998
3.7386 5.954
3.4957 6.186
3.4767 6.3673
2.6027 6.2069
2.1566 6.3821
0.2317 7.1818
-0.73985 4.1501
-1.2312 3.3248
-1.5084 3.1974
-1.4661 3.2265
-1.0103 2.922
8.3879 1.7483
8.7989 1.837
8.8453 1.5916
8.8928 0.97939
10.061 1.5724
10.641 1.4712
10.801 1.9286
11.2 1.45
12.08 2.6709
10.505 2.5591
9.896 2.679
9.3742 2.4654

